-435
20
464
765
802
785
1012
1429
1719
1791
1588
891
-1
-586
-937
-1317
-1583
-1465
-1161
-1036
-883
-330
472
1132
1532
1603
1183
406
-42
299
958
1157
827
472
307
222
117
-36
-263
-595
-990
-1376
-1669
-1753
-1542
-980
-120
562
595
327
453
973
1221
909
360
-40
-274
-446
-418
-289
-168
56
509
1015
1101
597
-53
-328
-190
-78
-369
-908
-1288
-1341
-1175
-871
-466
-286
-471
-737
-818
-628
-210
313
625
621
637
856
1149
1483
1804
1732
1099
344
-148
-618
-1165
-1430
-1322
-1171
-1165
-1043
-581
84
734
1344
1665
1311
529
30
239
767
1002
891
654
458
308
197
95
-37
-257
-632
-1074
-1438
-1690
-1762
-1308
-377
310
332
155
354
838
1097
958
630
249
-132
-371
-383
-305
-267
-66
440
1030
1188
784
203
-73
43
103
-206
-704
-1071
-1232
-1204
-900
-490
-280
-350
-567
-789
-781
-382
143
375
399
467
541
713
1209
1754
1759
1244
747
305
-305
-971
-1286
-1255
-1267
-1359
-1266
-894
-405
281
1158
1712
1450
664
136
204
590
850
856
679
471
352
248
143
71
-83
-379
-715
-1092
-1613
-1919
-1499
-580
82
147
34
248
680
984
1010
815
424
-48
-362
-438
-472
-529
-436
33
698
1025
760
214
-62
35
96
-126
-507
-924
-1273
-1327
-1039
-663
-403
-297
-485
-814
-864
-498
-111
133
354
467
363
486
1071
1638
1686
1383
1074
625
-93
-781
-1072
-1143
-1239
-1275
-1164
-980
-684
-49
918
1630
1580
948
372
264
527
795
842
724
610
474
308
243
216
50
-158
-380
-806
-1480
-1939
-1649
-801
-164
-27
-25
204
602
895
1008
902
562
153
-102
-210
-340
-509
-481
-39
668
1118
938
473
213
203
190
75
-189
-646
-1095
-1282
-1193
-918
-513
-285
-516
-892
-943
-688
-393
-3
405
436
251
420
1034
1531
1630
1600
1474
1006
221
-450
-783
-1005
-1210
-1230
-1191
-1218
-1095
-450
629
1490
1623
1158
580
345
480
670
763
776
663
447
328
301
189
-9
-101
-144
-586
-1429
-1990
-1798
-1107
-552
-338
-234
-26
308
666
955
952
609
211
-10
-125
-302
-626
-790
-380
403
916
850
556
312
197
221
269
62
-431
-886
-1180
-1272
-1046
-562
-307
-515
-798
-882
-833
-608
-130
232
166
-30
163
662
1051
1268
1469
1490
1073
376
-205
-608
-982
-1206
-1210
-1212
-1385
-1415
-886
129
1109
1525
1281
809
552
551
679
854
924
784
545
470
457
261
32
46
118
-258
-1121
-1820
-1816
-1309
-801
-486
-296
-113
110
478
847
971
775
420
162
29
-223
-671
-914
-573
98
616
770
666
431
279
348
438
282
-66
-488
-971
-1235
-987
-516
-310
-416
-570
-744
-893
-698
-174
172
102
-5
214
603
905
1236
1610
1719
1381
827
281
-297
-788
-989
-991
-1087
-1368
-1525
-1173
-238
787
1346
1326
1012
711
551
602
823
941
856
721
687
554
234
45
180
343
-5
-853
-1580
-1723
-1442
-1035
-656
-411
-296
-83
307
714
894
778
492
314
217
-71
-582
-873
-682
-171
364
696
690
455
338
367
379
328
228
-166
-813
-1162
-994
-677
-489
-413
-477
-809
-1066
-849
-330
-48
-109
-96
104
314
548
982
1457
1638
1487
1194
732
42
-559
-779
-807
-980
-1367
-1682
-1463
-632
361
1036
1228
1106
821
567
573
747
816
719
678
720
563
184
14
269
530
224
-555
-1273
-1630
-1565
-1216
-838
-578
-444
-256
121
623
950
862
615
559
536
158
-403
-759
-734
-357
204
605
609
473
444
435
411
499
474
36
-627
-974
-959
-792
-529
-228
-225
-633
-969
-808
-371
-149
-142
-116
-46
9
247
741
1248
1474
1496
1347
905
228
-406
-698
-730
-875
-1345
-1829
-1803
-1128
-158
657
1091
1099
788
532
582
791
822
733
769
857
694
275
87
336
574
374
-264
-1015
-1509
-1602
-1377
-1041
-757
-627
-501
-109
472
821
775
659
713
672
296
-263
-729
-872
-565
-31
306
393
418
378
256
269
477
496
97
-438
-783
-948
-945
-636
-234
-228
-643
-963
-871
-609
-404
-255
-119
-110
-140
71
527
975
1315
1547
1586
1279
630
-54
-375
-384
-497
-1013
-1604
-1776
-1370
-586
284
926
1091
859
656
700
790
716
649
825
985
735
252
62
297
580
540
46
-664
-1277
-1573
-1495
-1165
-861
-768
-715
-310
306
668
692
719
843
842
584
46
-542
-822
-619
-218
73
300
423
360
218
328
611
653
341
-68
-462
-846
-975
-649
-226
-219
-577
-841
-831
-705
-537
-293
-171
-246
-289
-113
277
714
1090
1417
1633
1521
956
229
-165
-200
-312
-786
-1403
-1741
-1614
-987
-67
708
976
824
719
773
757
581
571
858
1038
823
407
168
276
566
641
317
-305
-977
-1438
-1491
-1202
-943
-942
-863
-428
114
454
593
687
803
949
914
449
-265
-667
-594
-319
-26
296
452
330
173
311
548
542
361
108
-314
-828
-1002
-698
-321
-305
-556
-785
-928
-937
-730
-441
-301
-310
-359
-240
46
405
796
1226
1611
1606
1057
365
6
-2
-104
-533
-1141
-1642
-1746
-1276
-386
432
768
752
798
917
829
624
649
907
1089
898
484
185
228
488
638
491
7
-700
-1281
-1409
-1190
-1071
-1140
-1031
-631
-150
215
387
490
702
1029
1074
618
-31
-467
-614
-536
-207
190
332
164
94
302
530
597
574
416
-63
-688
-908
-626
-336
-273
-353
-519
-739
-850
-677
-401
-272
-336
-428
-345
-136
111
454
982
1532
1677
1258
653
309
223
117
-207
-779
-1421
-1826
-1594
-769
56
484
649
817
912
770
574
588
845
1055
952
566
268
242
436
640
708
350
-416
-1079
-1256
-1179
-1180
-1239
-1148
-850
-388
21
196
281
590
1008
1121
783
252
-227
-569
-663
-351
91
249
152
136
248
365
497
684
589
25
-614
-868
-716
-487
-344
-336
-494
-757
-869
-728
-473
-330
-349
-402
-338
-193
-78
158
743
1430
1654
1306
780
428
255
169
-24
-522
-1302
-1898
-1800
-1079
-362
63
367
695
859
727
533
501
729
967
926
643
376
251
300
577
805
543
-205
-824
-1030
-1059
-1100
-1181
-1193
-974
-496
-78
46
141
477
940
1100
918
609
72
-468
-680
-409
-81
13
1
153
186
196
355
716
776
318
-292
-642
-666
-503
-301
-212
-344
-672
-898
-818
-504
-326
-335
-336
-230
-184
-224
-48
502
1191
1576
1480
1099
679
378
320
336
-28
-888
-1660
-1781
-1296
-654
-120
320
710
915
820
587
537
767
1038
1035
804
453
148
160
526
826
628
25
-516
-793
-888
-1007
-1192
-1346
-1143
-627
-228
-157
-40
296
680
951
1056
814
218
-411
-600
-431
-255
-192
-21
109
71
34
294
727
866
592
58
-440
-707
-639
-440
-332
-410
-665
-862
-827
-565
-422
-453
-404
-277
-214
-394
-396
83
829
1397
1506
1220
710
397
476
551
48
-747
-1325
-1512
-1377
-1075
-596
-135
353
814
931
696
652
529
319
752
1568
1257
-167
-521
633
1451
921
197
-322
-436
-425
-469
-931
-1724
-2020
-1111
279
559
-154
-1080
-486
1165
2662
2483
57
-1834
-1107
975
877
-948
-1894
-1078
-221
439
1659
1869
877
159
905
1637
1068
-362
-1414
-1688
-1195
-1151
-2486
-3130
-1802
486
818
-254
-665
-562
-384
425
1633
1686
1017
987
1437
886
-59
460
1444
990
-62
-1040
-1878
-2063
-514
1638
1437
-230
-1286
-674
496
789
-104
-1229
-510
1496
2027
-85
-1804
-764
1128
1775
1539
825
-399
-1149
-189
1619
1810
-112
-2574
-3086
-1766
-882
-1338
-2073
-824
1316
1998
1256
243
-158
-150
812
2301
2547
1744
1112
1116
931
560
227
-799
-1295
-1161
-1341
-2391
-2895
-1196
385
408
-1072
-2719
-3297
-1882
327
-148
-2256
-1862
1057
2122
603
-203
563
1345
2194
2804
2472
1499
1446
3099
4303
4228
2353
-874
-2774
-1569
517
-459
-2556
-2237
-833
-424
-369
45
-507
-1559
-702
812
710
-110
472
1030
-252
-1136
-1540
-2286
-2791
-1672
-867
-2438
-2918
-986
1381
1791
529
-1541
-3006
-1365
1397
691
-2520
-2520
711
2333
1903
1992
1901
1250
1649
3469
4119
2666
1720
1712
2289
3012
2393
-424
-2855
-1556
427
-814
-2773
-2754
-1814
-1288
-454
189
-1099
-2228
-1233
767
1156
1084
1812
1287
422
-354
-1295
-3085
-3587
-2135
-2545
-4450
-5346
-4017
-1986
227
1582
80
-2037
-741
2690
2719
272
524
2970
3898
3580
3116
2385
1805
2811
4670
4402
2858
1628
804
1014
2462
3073
240
-2509
-1177
565
-333
-1749
-1036
65
90
546
445
-1179
-2908
-1623
453
495
468
459
140
-577
-157
-247
-2316
-3207
-2543
-2522
-4114
-4826
-3977
-2519
-482
846
-733
-3696
-2847
910
1718
-376
-690
932
2170
2571
3072
3092
2269
2817
4151
4329
3175
1707
884
1077
2892
3262
-142
-3113
-2427
-206
-113
-739
-527
-726
-893
-319
561
-919
-2178
-1078
-176
-101
81
1220
1083
714
1440
929
-1311
-2848
-2427
-2489
-3592
-4391
-4533
-3962
-1886
85
-1408
-4255
-3185
280
837
-1060
-1957
-1057
114
1539
3010
2536
1189
1523
3421
4872
4801
3934
2274
1833
3848
4587
2192
-600
-360
619
297
-149
-634
-1396
-1959
24
1175
-770
-2536
-2371
-1192
-762
474
1575
1180
1118
1969
1752
-49
-751
-272
-548
-1727
-2804
-4081
-4758
-2660
114
-960
-4062
-4154
-2140
-1688
-3065
-3409
-2316
-1155
406
1437
1228
719
1276
3092
4397
4950
3676
1099
810
3099
4465
2336
298
291
755
801
736
952
-230
-217
1826
2645
1129
-762
-837
-472
324
1609
1807
962
1255
2590
2203
690
22
-328
-1512
-2361
-2569
-4036
-5383
-3165
-290
-1602
-4813
-5387
-3508
-2756
-3401
-3760
-4010
-3265
-1225
531
990
929
1699
2283
3255
4791
4239
1603
664
3295
4559
2694
317
-313
220
462
1775
1825
304
-4
1427
2339
1360
616
243
-277
247
1879
2297
1574
2314
3731
3128
1334
583
80
-1214
-1842
-1993
-4133
-5772
-3616
-990
-1896
-4562
-4650
-2846
-2102
-2175
-3073
-4420
-4384
-2196
127
267
100
297
463
1719
4120
4694
1814
554
2438
4070
2955
1068
780
119
225
1501
1498
-340
-1030
926
2132
1488
751
-2
-1151
-638
1504
2176
1503
2178
3558
3086
1662
1398
981
-453
-500
-464
-3213
-5817
-4430
-1336
-1480
-3775
-4376
-3868
-3362
-3024
-3141
-3949
-4047
-1875
-60
366
453
562
273
1079
3908
4120
1133
-972
499
2416
1750
1138
715
-31
36
1557
2054
359
-22
1694
2747
2237
1541
142
-1448
-728
1248
1310
202
775
2274
2263
1814
2160
1009
-613
31
433
-2237
-4941
-3344
-277
-471
-2449
-3786
-4039
-3618
-2707
-2596
-4379
-4929
-3316
-1444
-613
274
766
-194
804
3622
4719
2082
-55
1487
2955
2768
1926
852
-653
-524
1703
2390
629
-108
1102
1721
1835
2114
1097
-768
-606
986
876
-203
814
2588
2436
2281
2612
1182
-537
102
1121
-1292
-4331
-3273
-601
-25
-1510
-2591
-2865
-2383
-905
-1115
-3168
-4420
-3047
-1437
-518
812
608
-699
-432
3002
5030
2705
644
1270
2400
2324
2254
1584
-118
-240
1621
1954
-44
-913
-149
279
640
1129
-192
-2629
-2862
-1017
-632
-1293
-21
1514
1764
2351
2946
1796
228
1382
2692
108
-3454
-3774
-1427
-384
-812
-1538
-2627
-2707
-1742
-1239
-2833
-3878
-3176
-2204
-731
573
804
-704
-529
2817
4759
3066
744
552
1133
1618
2029
1219
-627
-879
803
1261
38
-469
-22
528
1503
2157
887
-1496
-1797
-330
-298
-781
-158
504
993
2072
3019
1598
-56
1067
2249
452
-2811
-3251
-1516
-154
7
-1183
-2577
-3014
-1526
-1116
-2417
-3369
-3770
-3243
-1793
532
1020
-629
-382
2546
4376
3208
1631
1124
1109
1716
2592
1666
-813
-1414
104
788
390
32
-360
-433
735
2250
1393
-924
-1027
-96
-427
-631
193
853
935
2472
3632
1838
-45
761
2189
394
-2450
-3317
-2317
-977
-442
-940
-2730
-2684
-1058
-787
-1882
-3054
-3511
-3763
-2272
547
984
-1149
-1470
1369
3444
2964
1852
1072
383
911
2391
1882
-380
-931
167
662
425
60
-648
-1254
33
2095
1238
-973
-1322
-774
-815
-718
408
426
457
2486
3985
2603
610
1798
3244
2029
-816
-2607
-2604
-1680
95
-229
-2169
-2616
-1489
-999
-1761
-2030
-2547
-3570
-2514
603
1481
-636
-1138
1368
3400
3366
2748
1640
144
636
2536
2172
-25
-679
142
420
261
431
-121
-1098
417
2462
1720
-277
-853
-519
-1156
-768
81
-556
-899
1273
3553
2120
304
1068
2771
2183
-119
-1678
-2505
-1279
600
338
-1735
-2677
-1697
-1318
-1697
-1897
-3015
-4863
-4068
-660
727
-912
-1507
517
2409
2971
3116
2082
390
877
2736
2512
486
-563
-253
13
518
1221
-142
-1488
-103
1950
1718
210
154
-269
-995
-460
403
-405
-998
1554
3442
2405
570
977
2219
1746
485
-1638
-3081
-2258
-394
-395
-2174
-2575
-1766
-1667
-1653
-1216
-2574
-5160
-4644
-1117
448
-1110
-1991
-586
1009
2333
3390
2298
220
528
2384
2583
1019
219
214
-6
1054
1712
-1
-1796
-620
1602
1182
258
-62
-874
-1977
-1101
244
-1043
-1666
438
2825
2145
603
1194
2243
2718
1954
-373
-2790
-2564
-405
38
-1308
-1703
-1391
-1913
-1754
-517
-1374
-4249
-4509
-1374
508
-595
-1311
-436
703
2547
4234
3145
706
451
2232
2528
1331
998
439
-62
794
1827
436
-1394
-79
1660
1441
582
670
-221
-1507
-596
217
-1011
-2280
-350
2201
1947
850
784
1665
2520
2377
207
-2454
-2430
-390
135
-1022
-1518
-1696
-2351
-1744
-210
-1080
-4286
-5190
-2608
-693
-987
-1271
-1076
-311
1939
3856
3127
920
948
2566
2607
1977
1308
292
-523
743
2093
568
-1019
-301
1138
1006
1207
1654
352
-807
-267
470
-1164
-2461
-553
1681
1858
875
392
814
1934
2472
608
-2203
-2654
-1191
-755
-1275
-1167
-1450
-2260
-1542
335
-227
-3392
-4587
-2622
-1068
-801
-862
-1397
-1187
856
3483
3211
1177
1067
1902
2208
2048
2104
949
-38
1280
2316
904
-959
-281
582
515
1112
1383
131
-1487
-766
238
-1221
-2482
-1227
785
1368
808
233
475
2042
3215
1534
-1637
-2510
-1361
-908
-961
-704
-1297
-2664
-2120
95
-15
-2847
-4171
-3205
-1848
-764
-669
-1505
-1932
428
3289
3065
1404
941
1616
1753
2220
2289
803
-206
838
2016
770
-338
4
263
548
1380
1897
303
-1192
-300
391
-1000
-2381
-1884
-395
783
999
159
-203
1410
3128
1858
-915
-1836
-1357
-1197
-820
-205
-1093
-2833
-2233
113
-43
-2374
-3899
-3899
-2838
-1475
-599
-1767
-2568
-372
2398
2739
1550
1547
1660
1808
2698
2814
1040
-414
996
2054
1090
216
164
87
94
1569
2508
923
-367
453
970
-272
-1488
-1379
-375
916
1455
446
-471
1017
2952
2067
-286
-1230
-1382
-1763
-1236
-30
-704
-2752
-2127
40
315
-1260
-2747
-3226
-3125
-1388
-119
-1467
-2875
-1245
1655
2194
1913
1869
1439
1262
2431
3197
1318
119
1269
2054
1301
650
725
-53
-469
1249
2333
825
-532
64
540
-420
-1529
-1775
-1167
261
1312
345
-775
725
3016
2661
664
-546
-1266
-2060
-1370
332
-579
-2637
-2443
-576
51
-1015
-1962
-3266
-3633
-1897
-177
-1177
-2799
-1319
1100
2179
2334
2259
1338
817
2474
3144
1347
42
832
1463
692
525
748
-281
-736
1011
2278
1098
-74
492
1018
196
-924
-1660
-1609
-105
1281
395
-943
301
2449
2553
1210
404
-622
-2096
-1178
527
-201
-2446
-2721
-1070
-407
-566
-1600
-3405
-4389
-2715
-713
-1761
-3115
-2176
-87
1028
1835
2300
1129
757
2389
3143
1423
-27
646
1144
676
890
991
-395
-1064
683
2080
1174
151
664
1120
582
-267
-1265
-1629
-97
1563
704
-746
-3
2007
2347
1575
1237
-445
-2218
-1699
114
-241
-2233
-2455
-1394
-463
-211
-719
-2798
-4356
-2771
-927
-1517
-3060
-2547
-1008
117
1644
2176
944
407
1929
2914
1575
532
1014
1119
754
1365
1429
-255
-1035
571
1973
1226
335
652
1046
905
260
-1175
-1923
-301
1267
583
-934
-107
1805
2192
2381
2124
286
-2032
-1620
332
78
-1655
-2431
-1705
-961
-73
-160
-2401
-4000
-2879
-971
-1365
-2535
-2304
-1537
-143
1819
2456
1120
395
1819
2689
1652
861
1041
622
354
1294
1485
-95
-1025
283
1537
1240
690
791
1024
1386
1064
-777
-1792
-605
1121
424
-908
-141
1026
1598
2159
2563
809
-1477
-1224
253
273
-1204
-1850
-1888
-1337
65
186
-2015
-4099
-3262
-1644
-1773
-2324
-2466
-2321
-1125
1162
2176
935
362
1820
2683
1819
1322
1248
514
312
1445
1771
118
-921
56
1248
1219
935
683
846
1703
1461
-333
-1932
-744
1036
549
-367
-120
566
816
2091
3083
1491
-953
-1389
-100
3
-718
-1465
-2262
-1923
-215
670
-1357
-3453
-3005
-1977
-1817
-1996
-2396
-3002
-2107
553
1889
726
160
1528
2248
1772
1622
1461
510
337
1636
1976
421
-732
-158
537
947
925
295
234
1135
1776
-110
-2017
-1090
459
284
-544
-112
90
402
2117
3454
2069
-604
-1004
-205
-24
-311
-1065
-2240
-2433
-377
863
-931
-2860
-2850
-2196
-1887
-1475
-1755
-2891
-2394
415
2051
1021
464
1435
1926
1658
1891
1719
424
-46
1168
1798
447
-528
-462
103
743
886
498
117
1379
2105
274
-1715
-1243
173
-146
-534
-273
-346
-298
1350
3223
2305
180
-600
-286
27
50
-528
-2137
-2554
-594
672
-599
-2300
-2760
-2747
-2326
-1481
-1688
-3091
-2873
-273
1316
856
673
1492
1760
1793
2296
2077
651
36
1342
1875
1074
21
-391
-23
634
1180
304
-158
1297
2375
761
-1298
-804
128
8
-110
226
-241
-701
1044
2994
2582
847
-160
-375
-345
264
2
-1898
-2611
-798
565
-290
-1518
-2159
-2630
-2396
-1232
-1305
-3103
-3244
-939
805
627
649
1226
1376
1552
2412
2401
751
365
1381
2017
1296
215
-223
-373
546
1131
194
-610
852
2331
844
-1075
-1092
-378
-526
-353
200
-633
-1220
457
2651
2652
1164
224
-490
-624
366
341
-1760
-2853
-1264
234
-118
-1101
-1743
-2539
-2464
-1133
-1086
-2815
-3334
-1400
225
484
637
1156
1049
1248
2492
2374
1002
231
970
1649
1235
682
-139
-441
351
1149
160
-741
788
2159
1102
-736
-940
-650
-900
-310
221
-683
-1539
-216
1950
2391
1699
847
-291
-562
649
761
-1288
-2606
-1577
-139
-128
-652
-1508
-2747
-2747
-1333
-1168
-2876
-3387
-1899
-395
-41
613
1258
923
1397
2541
2751
1427
544
1048
1552
1679
1097
-16
-686
394
1336
93
-808
600
2249
1510
4
-325
-625
-836
-12
710
-283
-1486
-592
1265
2154
2220
1454
-257
-791
484
894
-851
-2408
-1811
-737
-293
-279
-1112
-2672
-2809
-1241
-999
-2539
-3467
-2370
-1262
-634
450
789
502
853
2279
2737
1726
996
1093
1637
1996
1843
443
-584
451
1305
176
-956
206
1598
1113
275
-137
-809
-1190
-209
665
-317
-1436
-686
864
1928
2640
1974
112
-532
723
1229
-473
-1927
-1831
-1060
-367
165
-735
-2585
-2642
-1152
-688
-2241
-2964
-2295
-1679
-721
438
863
272
648
1964
2406
1768
1041
834
860
1657
1974
550
-486
503
1518
330
-743
356
1480
1322
865
406
-703
-1325
-258
635
-319
-1427
-1069
-157
1124
2496
2335
402
-500
767
1392
151
-1252
-1584
-1544
-647
464
-334
-2317
-2876
-1285
-934
-2229
-2836
-2629
-2274
-1553
-61
459
49
412
1628
2297
1897
1442
815
660
1697
2160
745
-615
335
1336
173
-814
33
1084
1196
1151
872
-361
-1199
-141
911
160
-886
-1177
-718
619
2463
2519
489
-480
534
1186
188
-819
-1569
-1888
-902
453
151
-2027
-2572
-1278
-850
-1725
-2466
-2658
-2908
-2110
-566
54
-366
-175
1064
1789
1985
1743
874
593
1709
2506
1041
-358
585
1483
419
-573
23
781
907
1174
1205
-233
-1317
-387
580
250
-548
-966
-1049
226
2410
2820
1003
-149
759
1237
691
-234
-1314
-2041
-1443
317
120
-1769
-2397
-1400
-939
-1630
-2067
-2466
-2813
-2170
-657
33
-396
-104
802
1567
2118
1975
915
328
1598
2473
962
-387
490
1361
423
-573
-240
365
621
1491
1711
204
-957
-490
321
293
-57
-876
-1572
-569
1768
2592
1059
150
551
1032
879
286
-826
-2171
-1527
307
414
-1332
-2172
-1499
-1153
-1362
-1726
-2322
-3012
-2543
-1024
-462
-574
-289
385
1256
2151
2302
940
184
1580
2594
1198
-207
431
1261
598
-285
-117
15
387
1530
1815
491
-626
-318
259
523
358
-551
-1718
-1063
1375
2304
1384
436
539
783
805
820
-458
-2073
-1765
66
446
-988
-1772
-1501
-1170
-1196
-1438
-2234
-3229
-2810
-1597
-936
-785
-572
-138
546
1870
2356
1031
183
1541
2622
1433
109
586
1344
719
90
-51
-329
-56
1222
1773
681
-344
-497
-167
230
619
-178
-1796
-1305
858
2170
1619
869
775
715
1135
1403
110
-1862
-1844
-168
260
-724
-1495
-1479
-1385
-1231
-1122
-1985
-3002
-2824
-1811
-1105
-867
-563
-506
112
1764
2545
1094
82
1339
2486
1535
301
739
1210
778
361
69
-556
-348
1073
1699
976
0
-332
-449
104
1009
116
-1691
-1783
165
1550
1403
1088
802
629
1177
1830
664
-1442
-1680
-386
261
-397
-1125
-1443
-1623
-1184
-915
-1699
-2798
-2887
-2212
-1710
-1084
-618
-788
-412
1451
2416
1186
173
1253
2377
1546
559
699
899
612
553
135
-756
-536
764
1645
1133
527
-46
-570
220
1323
717
-1293
-1753
-153
1215
1596
1439
916
360
1066
2033
1046
-925
-1502
-432
211
-122
-565
-1166
-1438
-946
-499
-1304
-2500
-2754
-2487
-2132
-1319
-769
-1311
-1042
928
2224
1174
140
1227
2271
1653
810
859
736
650
895
425
-629
-857
454
1283
1189
886
-16
-800
-207
1181
760
-1216
-1843
-615
757
1420
1683
1038
299
1027
2138
1523
-542
-1450
-810
-247
-81
-347
-1079
-1604
-1045
-444
-1060
-2069
-2369
-2381
-2153
-1108
-619
-1315
-1319
665
2195
1258
224
1004
1902
1374
937
851
564
554
892
642
-678
-902
170
999
1383
1308
393
-820
-343
1188
1021
-778
-1789
-1155
-179
873
1582
983
151
765
2190
1896
87
-906
-770
-305
16
-117
-1055
-1765
-1230
-525
-1020
-1834
-2221
-2677
-2523
-1368
-705
-1619
-1864
101
1819
1207
212
831
1475
1457
1301
1034
517
443
1206
846
-451
-837
-226
484
1111
1557
625
-833
-527
1088
1307
-280
-1331
-1287
-621
694
1706
1253
124
633
2048
1951
501
-566
-770
-557
-44
110
-735
-1592
-1090
-423
-753
-1317
-1950
-2743
-2825
-1513
-782
-1777
-2202
-347
1459
1041
439
857
1421
1444
1403
1191
429
560
1354
1106
-19
-562
-306
56
945
1738
943
-741
-771
837
1236
134
-904
-1309
-944
338
1622
1214
123
537
1892
1986
866
-167
-711
-737
-199
182
-672
-1480
-1141
-724
-817
-1023
-1463
-2598
-2874
-1558
-648
-1704
-2359
-631
994
1023
564
818
1170
1267
1622
1275
428
533
1338
1202
167
-356
-448
-225
783
1895
1281
-551
-698
544
1099
493
-430
-1261
-1535
-251
1359
1222
136
449
1720
2130
1420
452
-398
-790
-114
261
-542
-1274
-1104
-778
-778
-631
-1125
-2472
-3052
-1662
-682
-1836
-2454
-1084
552
760
567
787
829
1188
1737
1448
482
445
1249
1160
395
-164
-501
-627
369
1857
1470
-103
-498
478
1122
914
192
-1047
-1729
-553
1208
1167
133
197
1331
1949
1639
862
-348
-804
-159
289
-380
-1053
-1023
-981
-751
-340
-643
-2307
-3090
-1664
-835
-1851
-2659
-1575
-134
321
537
603
555
1013
1769
1443
450
479
1145
1233
706
286
-413
-1043
27
1672
1605
207
-356
171
719
977
668
-724
-1849
-907
725
994
172
153
1033
1686
1968
1287
-119
-792
-138
241
-384
-898
-1028
-1178
-1115
-268
-340
-2137
-2932
-1721
-843
-1775
-2515
-1687
-659
-29
507
621
367
895
1784
1499
629
582
1204
1170
928
816
-246
-1225
-301
1538
1717
506
-166
-18
378
995
1066
-353
-1676
-1151
412
814
254
269
769
1540
2190
1802
288
-528
-14
334
-120
-625
-828
-1412
-1361
-172
-169
-1951
-3021
-1959
-1060
-1780
-2389
-1940
-1107
-268
532
487
46
675
1699
1641
764
668
1004
1005
1222
1215
2
-1328
-591
1149
1629
830
186
-6
225
1204
1511
120
-1532
-1223
197
672
331
99
262
968
2083
1933
495
-383
-16
306
-159
-258
-444
-1381
-1480
-238
189
-1508
-2742
-1975
-1190
-1652
-2232
-2104
-1687
-759
219
181
-213
412
1565
1550
844
754
840
777
1289
1568
303
-1186
-797
742
1353
1008
447
-183
-127
930
1677
513
-1163
-1171
-90
518
486
235
-25
714
2033
2198
951
-136
3
87
-78
104
-276
-1492
-1672
-157
389
-1187
-2298
-1742
-1189
-1565
-1887
-1956
-1921
-1041
45
164
-249
301
1287
1241
902
982
848
573
1182
1867
768
-1033
-1122
427
1408
1394
696
-418
-636
1011
2247
931
-1270
-1622
-370
292
555
305
120
796
1152
1565
1173
759
13
-937
102
1949
1058
-2105
-2203
338
1053
-1661
-3707
-2877
-2123
-1792
-1614
-1756
-1741
-581
1268
1630
130
-92
1092
785
-202
-98
1185
614
-1471
-1090
461
740
-428
-559
1012
2112
1338
-162
-159
437
986
-120
-1678
-1604
-320
1917
2928
2088
1654
2632
4352
4348
1646
-93
-635
-1835
-3132
-2962
-1252
-2301
-4606
-3889
-827
1140
484
-126
658
1917
1407
-87
-718
-316
155
-1191
-2102
-1024
20
584
489
-244
-1082
-1591
-16
1312
-560
-2804
-3255
-1865
-1626
-1789
161
334
-1538
-2249
542
3420
3004
1278
1909
4205
4686
3691
2725
3044
3731
3549
3714
3747
2555
1854
2027
1845
61
-2346
-2122
-1194
-1879
-3141
-3883
-3429
-4373
-4918
-3199
-2443
-3834
-5360
-3814
-452
993
384
885
2596
3207
2388
841
780
1484
1202
902
504
-192
-281
185
944
125
-1697
-1988
-1241
-395
-906
-1558
-1927
-3364
-3527
-957
921
-257
-2426
-1383
2365
4248
3816
3650
3911
3657
3562
2946
2364
1468
605
1268
1607
1174
472
192
362
-1359
-3366
-4372
-3836
-3229
-4064
-3786
-2821
-3512
-4243
-2096
608
-33
-3006
-2865
746
2684
1854
1730
2647
3080
3311
3192
3570
2416
1351
2413
3128
3150
1710
1053
868
-369
-1519
-3014
-2960
-2605
-2957
-2526
-2064
-2908
-4386
-3385
48
1031
-1857
-3624
-1076
1986
2207
2073
2642
3490
3043
1987
2381
1258
184
155
579
1498
1347
1969
1768
1462
1077
-50
-148
29
-79
49
-392
-2093
-4479
-4774
-1751
-456
-3182
-5712
-3747
-401
1102
1871
2650
3581
3265
3516
4661
3438
2193
1707
2515
2912
3019
3165
1328
-182
-770
-1125
-1891
-3275
-4268
-3666
-2985
-3650
-5465
-5964
-3243
-1534
-3753
-5977
-4091
-1001
365
961
2864
5125
4713
5154
6327
5893
3811
2313
3076
3017
2745
1931
-1
-1308
-1825
-1549
-1670
-2956
-4110
-3631
-2160
-1892
-3601
-5315
-3445
-619
-1614
-3677
-2885
-268
1698
2006
4136
5846
4482
3868
4607
5080
2427
-24
-273
-187
771
1014
-135
-1568
-2835
-2767
-2793
-4105
-5405
-5334
-3863
-2848
-3172
-4353
-2503
843
926
-345
-847
720
1928
1493
3358
4498
3525
2542
3641
5371
4034
2514
1705
1144
1540
1878
1518
476
-999
-1030
-685
-1540
-2850
-3516
-3017
-2153
-2342
-4451
-4524
-2659
-2091
-2556
-3547
-1986
-823
-473
1964
4383
5105
4327
5030
5863
4081
2242
1256
534
246
172
652
377
-1129
-1453
-859
-1597
-3287
-4014
-2893
-1236
-1504
-3765
-3874
-2479
-1225
-1343
-1919
-629
-315
-108
1853
4744
5680
4730
4975
5725
4833
3741
2931
2079
1470
1291
2318
2196
-31
-1525
-1114
-884
-1882
-3230
-3488
-2370
-3010
-4887
-5239
-4253
-2694
-3623
-4718
-4135
-3619
-3351
-1984
1235
3079
3247
4047
5347
5657
5221
4413
3690
2976
2554
3427
3254
749
-1344
-1180
-706
-1290
-2928
-3321
-1856
-2183
-2904
-3393
-2625
-1224
-1991
-2677
-2206
-1443
-1427
-751
2056
4295
5025
5438
5679
6005
5688
4721
3725
2167
935
1507
2001
222
-1845
-2052
-1861
-2444
-4663
-4708
-3274
-3806
-4595
-5276
-3855
-2128
-2151
-2285
-1588
-834
-969
-594
1838
3811
4744
5152
4923
5361
5109
4772
4308
2700
1057
1188
2239
1040
-892
-1888
-1624
-2006
-4269
-3929
-2723
-2836
-3782
-4313
-2628
-1269
-1822
-2554
-1985
-1155
-1600
-1899
-318
1255
2685
3401
3693
4463
3995
3164
2333
1059
-524
-764
-44
-716
-2047
-3256
-2081
-1896
-3565
-3612
-2728
-2275
-3421
-4283
-3077
-1795
-2303
-3349
-2923
-1734
-1772
-1767
-808
834
3041
4258
4852
5653
5602
4973
4433
3670
2160
1788
2062
2442
1441
-407
-167
-961
-2605
-3215
-2467
-2026
-3667
-5198
-4492
-2823
-2427
-3112
-2738
-2081
-2327
-1979
-1221
114
1802
2952
3813
4711
5188
5025
5148
4309
2810
2191
1991
2788
1533
-271
-431
-1478
-3176
-4191
-3044
-2017
-3456
-4999
-4199
-2104
-1414
-1914
-1415
-1022
-1220
-707
-65
1049
2556
4233
5750
6839
6845
6135
6205
5177
4073
2742
2036
2577
1052
-533
-658
-1079
-2537
-4463
-4113
-2807
-3743
-5836
-6063
-4215
-3376
-3735
-3135
-2314
-1925
-1354
-934
79
1390
2978
4424
5587
5345
4847
4695
3872
3395
1923
1475
2198
1267
105
-101
-167
-1560
-3958
-3959
-2173
-2394
-4738
-5685
-3848
-2428
-2359
-2092
-1902
-1711
-1243
-642
186
1281
2373
3766
5073
5218
5898
5846
5043
4123
2459
2321
2499
1347
-95
-592
-620
-1749
-3799
-4026
-2258
-1905
-4092
-5410
-4027
-2779
-2473
-2397
-2449
-2594
-2237
-1409
-648
361
1078
3015
4460
4869
5743
5325
4713
3598
2161
2253
2328
1376
70
-75
560
-333
-2773
-3990
-2469
-1480
-3462
-5166
-4594
-3816
-3464
-3168
-2497
-2494
-2397
-2193
-1297
-243
146
2034
3283
3988
4646
4432
4589
3795
2501
2520
2583
1921
582
240
1021
426
-2089
-4190
-3077
-1507
-2995
-4846
-4959
-4189
-3684
-3169
-2511
-2480
-2576
-2767
-1587
-595
-85
1565
2820
4271
5300
5663
5954
4841
3308
3161
3271
2594
875
-138
273
96
-1717
-3782
-3179
-1822
-2781
-4417
-4873
-4399
-4062
-3569
-3252
-2813
-2931
-2927
-1434
-602
223
1583
2941
4514
5398
6094
6428
4993
3216
2957
3376
2837
1137
-3
383
638
-847
-3133
-3083
-2008
-2383
-3649
-4089
-4083
-3759
-3067
-2464
-1522
-2012
-2176
-1158
-533
345
1307
2601
3901
4246
5087
6081
5388
3609
2704
3106
2843
1372
26
91
727
-759
-3079
-3232
-1843
-1585
-2519
-2976
-3314
-3005
-2743
-2019
-914
-1782
-2314
-1868
-1249
-327
280
1555
2984
3422
4611
6027
5835
4062
2766
3234
3321
2341
690
463
1518
570
-1500
-2291
-1425
-1400
-2185
-2944
-3545
-3284
-3522
-2969
-2079
-2509
-2451
-2210
-1788
-962
-455
889
2123
2507
3604
5116
5308
3701
2401
2869
3293
2699
892
538
1569
1010
-969
-2152
-1815
-1914
-2244
-3087
-3553
-3454
-3925
-3188
-2229
-2215
-2013
-2152
-1838
-1200
-640
852
1997
2303
3337
5271
6233
4846
3186
2895
3394
2955
1035
395
1161
669
-1683
-2818
-2462
-2145
-2251
-3369
-3581
-3717
-4164
-3458
-2876
-2752
-2707
-2993
-2648
-2041
-1408
190
1408
1800
2577
4724
6197
5202
3378
2503
3212
2962
1235
192
990
1015
-988
-1999
-2124
-1605
-1799
-2933
-2862
-3240
-3835
-3459
-2990
-2390
-2179
-2334
-2090
-1921
-1554
-163
1185
1730
2083
3915
5381
5170
3664
2610
3224
3170
1595
211
976
1009
-702
-2047
-2688
-2172
-2398
-3217
-2897
-3213
-3553
-3364
-3043
-2196
-1754
-1780
-1736
-2020
-1836
-674
843
1282
1496
3176
4881
5399
4157
3047
3384
3613
2208
867
1581
1640
422
-1009
-1591
-882
-1251
-2030
-1979
-2463
-2825
-2724
-2568
-2093
-2201
-2195
-1985
-2224
-2223
-1253
352
706
975
2388
4375
5315
4230
2903
3043
3663
2367
1274
2060
2342
1402
-417
-1048
-482
-1133
-1985
-2219
-2705
-3013
-3072
-2896
-2423
-2579
-2213
-1610
-1580
-1965
-1219
329
917
1174
2069
4102
5479
5027
3647
3626
4308
2937
1590
1725
2246
1864
-204
-1096
-763
-1214
-1652
-1843
-2209
-2537
-3003
-2837
-2453
-2565
-2447
-2046
-2256
-3028
-2424
-956
91
486
1155
3017
4870
5185
3810
3667
4252
3024
1739
1402
2181
2183
75
-1080
-985
-1232
-1455
-1992
-2334
-2641
-2928
-2598
-2443
-2625
-2632
-1792
-1773
-2561
-2213
-999
6
226
854
2584
4583
4881
3311
3238
3811
3076
1859
1049
1731
1846
13
-1111
-1328
-1690
-1896
-2425
-2564
-3019
-3229
-2830
-2481
-2692
-2746
-1630
-1493
-2379
-2554
-1522
-538
-390
-37
1389
3645
4171
2989
3102
3699
3372
2123
1202
2142
2554
866
-442
-944
-1005
-1161
-1562
-1672
-2174
-2695
-2646
-2111
-2337
-2530
-1838
-1791
-2674
-3052
-2051
-998
-632
-550
634
3238
4077
3217
3022
3407
3332
2001
748
1708
2371
1251
-82
-808
-825
-1032
-1256
-1424
-1813
-2672
-2789
-2214
-2486
-2755
-2290
-1904
-2507
-2883
-2056
-1114
-423
-509
521
3115
4125
3708
3466
3881
4218
2999
1571
2083
2552
2041
857
58
-339
-804
-1060
-1158
-1300
-2249
-2364
-1981
-2348
-2649
-2244
-1688
-2423
-3034
-2644
-1800
-968
-1315
-331
2289
3591
3572
3346
3870
4638
3464
2022
2016
2448
2327
1208
314
-368
-831
-1086
-1010
-1131
-2176
-2351
-1906
-2074
-2486
-2111
-1465
-1993
-2539
-2471
-1343
-382
-1074
-616
1734
3359
3785
3247
3571
4382
3371
2134
1858
2441
2483
1594
640
13
-513
-1039
-970
-1207
-2246
-2661
-2287
-2292
-2658
-2268
-1745
-1872
-2291
-2495
-1408
-467
-1176
-1055
829
2718
3554
2864
3148
4012
3506
2394
1868
2279
2501
2039
1112
508
-231
-824
-604
-693
-1488
-2049
-1826
-2064
-2529
-2050
-1565
-1523
-2279
-3006
-2042
-1037
-1610
-1655
-257
1922
3017
2491
2865
3790
3576
2332
1550
1672
2061
1860
1087
562
-318
-968
-749
-780
-1438
-2067
-1916
-2348
-2844
-2438
-1995
-1773
-2595
-3550
-2450
-1362
-1707
-2110
-1240
1229
2501
2200
2472
3511
3585
2508
1780
1866
2325
2032
1295
868
-74
-799
-801
-855
-1572
-2131
-1882
-2274
-2767
-2552
-2098
-1510
-2315
-3472
-2538
-1615
-1731
-2584
-2108
443
1985
1985
2201
3394
3775
2996
2255
2227
2613
2241
1666
1279
326
-569
-725
-689
-1451
-1882
-1675
-2100
-2586
-2592
-2057
-1132
-1951
-3118
-2551
-1566
-1148
-1976
-1933
124
1810
2111
2385
3489
4048
3448
2494
2262
2591
2341
2011
1610
742
-341
-537
-464
-1208
-1509
-1413
-1934
-2428
-2719
-2068
-978
-1595
-2591
-2512
-1497
-903
-1697
-2008
-412
1356
1856
2173
3112
3836
3509
2501
2354
2598
2443
2221
2051
1412
221
69
152
-602
-934
-917
-1229
-1635
-2361
-1779
-763
-1132
-2104
-2524
-1667
-1080
-1828
-2416
-1113
689
1352
1822
2679
3688
3593
2706
2585
2639
2345
1950
2016
1478
236
13
21
-689
-923
-990
-985
-1424
-2542
-2141
-1229
-1215
-2170
-2955
-2237
-1393
-1851
-2634
-1652
51
989
1563
2365
3630
3752
2999
2684
2773
2570
2280
2405
1804
493
282
184
-447
-807
-1266
-1110
-1579
-2671
-2501
-1686
-1281
-2058
-3044
-2638
-1658
-1919
-2828
-2263
-842
261
784
1632
3026
3466
2883
2486
2626
2465
2222
2411
1809
573
427
146
-387
-976
-1414
-958
-1387
-2445
-2597
-1833
-1206
-1730
-2754
-2535
-1472
-1676
-2566
-2294
-934
234
573
1296
2672
3440
2980
2536
2587
2247
1956
2353
1845
791
488
157
-179
-1020
-1429
-899
-1211
-2321
-2865
-2253
-1479
-1738
-2854
-2845
-1742
-1732
-2431
-2470
-1237
-83
238
915
2323
3338
3024
2459
2533
2156
1950
2461
1947
1128
618
396
270
-645
-1103
-681
-765
-1738
-2455
-2013
-1189
-1245
-2430
-2571
-1564
-1373
-2101
-2553
-1583
-415
9
568
1953
3202
3127
2652
2785
2251
2101
2514
2058
1458
759
594
449
-501
-1009
-657
-538
-1316
-2136
-2041
-1234
-1136
-2183
-2394
-1615
-1295
-2021
-2600
-1877
-718
-277
130
1441
2892
3082
2950
3076
2339
2271
2670
2562
2104
1225
1047
908
21
-577
-330
-177
-926
-1944
-2191
-1287
-1075
-1985
-2425
-1855
-1394
-1941
-2567
-2091
-1103
-684
-428
842
2401
2669
2904
2964
2263
2156
2452
2637
2185
1159
937
902
126
-699
-663
-478
-924
-1992
-2474
-1549
-1142
-1858
-2465
-2009
-1293
-1619
-2416
-2257
-1326
-640
-473
723
2142
2526
3088
3137
2600
2274
2348
2632
2204
1261
979
988
287
-569
-738
-555
-649
-1707
-2379
-1702
-1226
-1754
-2496
-2292
-1524
-1652
-2396
-2505
-1624
-894
-864
264
1519
2155
2941
2995
2596
2128
2136
2562
2256
1386
1030
1133
465
-316
-566
-302
-250
-1369
-2211
-1675
-1007
-1238
-2053
-2096
-1393
-1315
-1951
-2411
-1663
-1137
-1204
-208
868
1753
2705
2872
2582
2003
2017
2571
2454
1572
1159
1197
595
-253
-806
-525
-328
-1359
-2348
-1985
-1228
-1308
-2199
-2307
-1580
-1261
-1986
-2662
-1903
-1523
-1509
-611
376
1365
2307
2732
2648
2104
1958
2487
2505
1750
1460
1465
1104
234
-545
-272
99
-764
-1919
-1910
-1151
-1131
-2013
-2323
-1715
-1133
-1918
-2615
-1900
-1626
-1510
-822
30
995
1945
2671
2747
2246
1926
2483
2599
2032
1751
1602
1329
473
-406
-216
168
-506
-1683
-1967
-1215
-1035
-1657
-2224
-1818
-1015
-1658
-2222
-1728
-1645
-1506
-1003
-158
771
1761
2641
2891
2418
2012
2545
2691
2217
1770
1586
1525
815
-169
-91
351
-46
-1244
-1726
-1056
-805
-1296
-2149
-1859
-1061
-1713
-2235
-2014
-1986
-1882
-1460
-674
189
1141
2174
2804
2397
1959
2305
2492
2128
1601
1441
1569
914
-249
-394
161
76
-1116
-1742
-1297
-848
-1091
-2017
-1671
-922
-1442
-1840
-1744
-1695
-1672
-1408
-860
-92
726
1952
2807
2403
1950
2162
2452
2263
1762
1579
1771
1217
63
-386
149
248
-833
-1681
-1593
-919
-1022
-2087
-1875
-1212
-1455
-1793
-1866
-1907
-1903
-1730
-1318
-655
59
1433
2394
2098
1737
1942
2318
2228
1666
1525
1791
1495
458
-211
248
443
-336
-1258
-1419
-576
-675
-1763
-1704
-1167
-1296
-1649
-1764
-1878
-1919
-1831
-1401
-925
-402
989
2161
2084
1757
1842
2232
2207
1562
1461
1770
1664
628
-221
210
461
-47
-1149
-1589
-721
-850
-1827
-1866
-1333
-1410
-1748
-1843
-1851
-1895
-1866
-1425
-1087
-694
655
2062
2293
2035
1945
2356
2479
1901
1665
1842
1901
920
-42
232
558
390
-852
-1509
-684
-625
-1469
-1670
-1239
-1240
-1552
-1758
-1792
-1965
-2062
-1689
-1382
-1134
88
1542
2098
1972
1866
2326
2510
2078
1640
1765
2007
1161
182
8
301
353
-855
-1630
-939
-750
-1506
-1764
-1411
-1224
-1434
-1577
-1551
-1815
-1931
-1511
-1360
-1297
-207
1202
1999
1896
1817
2204
2360
2088
1581
1813
2081
1384
524
38
426
638
-456
-1362
-866
-655
-1297
-1613
-1395
-1187
-1416
-1509
-1435
-1771
-1956
-1485
-1461
-1584
-782
709
1810
1818
1776
2105
2415
2221
1602
1879
2135
1681
815
64
501
890
-102
-1135
-824
-556
-1015
-1394
-1273
-1090
-1331
-1450
-1280
-1668
-1888
-1457
-1468
-1638
-1130
373
1625
1786
1742
2002
2554
2398
1730
1865
2098
1992
1170
185
501
1019
144
-940
-840
-503
-873
-1424
-1481
-1267
-1419
-1512
-1357
-1864
-2106
-1716
-1635
-1832
-1618
-226
1159
1638
1688
1904
2555
2388
1824
1852
2098
2201
1415
194
296
941
319
-710
-862
-535
-776
-1335
-1413
-1124
-1271
-1315
-1158
-1607
-1877
-1615
-1493
-1812
-1881
-679
705
1413
1354
1557
2291
2235
1861
1771
1986
2218
1644
358
283
907
438
-597
-1001
-758
-847
-1419
-1510
-1256
-1407
-1336
-1149
-1442
-1734
-1581
-1314
-1717
-1912
-997
424
1372
1276
1560
2288
2366
2004
1709
1859
2292
1862
587
404
992
664
-294
-805
-624
-655
-1275
-1402
-1273
-1424
-1324
-1235
-1425
-1810
-1650
-1284
-1695
-1990
-1487
-79
1031
1105
1485
2173
2365
2114
1714
1782
2411
2120
844
452
997
876
47
-594
-493
-522
-1141
-1223
-1151
-1269
-1200
-1121
-1245
-1752
-1611
-1274
-1564
-1962
-1804
-424
773
1003
1338
1957
2281
2224
1723
1665
2356
2214
1009
476
860
832
88
-620
-514
-556
-1097
-1157
-1205
-1359
-1350
-1151
-1223
-1751
-1654
-1376
-1489
-2015
-2138
-946
300
749
1193
1798
2272
2414
1881
1714
2442
2543
1498
819
964
1088
407
-422
-409
-534
-995
-1154
-1291
-1448
-1467
-1142
-1194
-1598
-1601
-1334
-1258
-1854
-2239
-1297
-50
516
957
1438
2051
2336
1797
1513
2279
2515
1588
770
794
1138
484
-347
-372
-612
-1014
-1257
-1348
-1551
-1569
-1165
-1197
-1492
-1625
-1315
-1046
-1624
-2169
-1420
-262
422
874
1319
2017
2428
1884
1509
2214
2568
1881
991
885
1282
735
34
-158
-393
-692
-990
-1074
-1444
-1478
-1144
-1198
-1476
-1772
-1531
-1139
-1644
-2315
-1871
-834
29
536
925
1681
2345
1869
1358
1914
2434
2027
1066
889
1239
754
167
-111
-229
-579
-830
-905
-1347
-1398
-1107
-1009
-1254
-1671
-1516
-985
-1425
-2166
-1984
-1106
-183
377
750
1607
2482
2144
1619
2069
2693
2433
1342
1078
1271
913
329
-55
-243
-720
-889
-1025
-1424
-1491
-1214
-1045
-1243
-1687
-1563
-969
-1328
-2034
-2073
-1444
-510
104
367
1220
2235
2080
1551
1814
2606
2501
1503
1281
1457
1226
554
217
-15
-485
-636
-807
-1208
-1437
-1281
-1040
-1117
-1610
-1489
-873
-1057
-1690
-1950
-1645
-714
-30
128
894
1964
2073
1509
1452
2350
2400
1633
1321
1475
1328
695
398
88
-356
-574
-768
-1204
-1515
-1490
-1088
-1103
-1667
-1614
-999
-971
-1502
-1948
-1823
-854
-154
-33
782
1881
2222
1621
1461
2326
2451
1828
1401
1459
1291
817
545
170
-315
-477
-630
-991
-1399
-1550
-1081
-1019
-1627
-1750
-1190
-967
-1352
-1905
-2042
-1144
-397
-201
498
1589
2233
1701
1456
2241
2586
2017
1514
1531
1276
844
619
209
-358
-512
-555
-784
-1289
-1535
-1049
-901
-1449
-1578
-1151
-888
-1070
-1723
-2111
-1332
-594
-427
2
1245
2146
1657
1306
2019
2575
2088
1591
1607
1414
1035
802
406
-43
-359
-563
-798
-1285
-1621
-1233
-1051
-1544
-1703
-1347
-973
-990
-1781
-2181
-1559
-987
-790
-323
1043
2073
1777
1258
1738
2436
2235
1865
1811
1637
1216
666
307
426
233
-504
-1132
-1429
-1393
-1171
-1093
-1562
-1600
-1239
-713
-550
-1671
-2641
-2172
-617
83
-213
-70
860
1592
2155
2961
2524
1020
793
2235
2567
1250
-326
-811
-494
-67
811
783
-759
-2089
-1249
198
161
-848
-1977
-2295
-1815
-1822
-2917
-3531
-2307
-336
521
744
1254
1296
1123
2092
3638
3425
2075
1313
1285
1283
755
601
780
358
-3
-178
-968
-1903
-1045
743
689
-1116
-2908
-2726
-1350
-921
-2060
-3384
-2945
-1294
-125
-16
-131
253
1003
2158
3169
3049
2139
1468
1920
3397
3981
2561
-282
-2262
-1948
-916
-1531
-3276
-3173
-1618
-586
-700
-1275
-1340
-984
-311
303
511
427
97
-65
383
1184
1277
246
-30
835
1429
1073
278
719
1811
2229
1352
-511
-2125
-1910
42
-15
-2231
-2940
-841
1081
218
-1366
-1600
-886
-272
-39
91
36
-77
482
2153
4432
4575
1957
-21
661
2479
2073
-78
-797
-45
503
640
469
-960
-2211
-1461
-382
-487
-1299
-1213
-839
-1808
-2666
-2915
-2908
-2784
-2420
-1871
-2324
-2701
-2184
-459
1776
2291
646
-1502
-1140
1561
2663
880
-68
1856
3702
3836
3175
2050
1412
1829
2658
2546
950
-230
-303
341
1185
1149
-404
-2627
-2906
-1384
-931
-2040
-2951
-2262
-407
1124
1716
943
173
951
2591
3099
2503
2216
1387
776
153
-1226
-2921
-3889
-3152
-3028
-4066
-4714
-3932
-2450
-1065
46
-520
-2369
-2749
-570
979
-211
-1689
-625
1901
3544
3819
3250
2794
3515
5139
5587
4851
3545
2321
2636
3817
4184
2064
-877
-1291
-439
-847
-2150
-2441
-2186
-2416
-2035
-1364
-1728
-3178
-3081
-1111
-162
-529
-932
-421
61
414
256
-1115
-1753
-1026
-405
-860
-1840
-2135
-1019
696
1751
681
-1811
-2198
-154
788
-492
-1153
-234
712
1075
1596
1826
780
81
1093
2138
1234
-552
-1115
-72
2233
3934
2659
492
381
1912
2813
1918
952
578
506
634
712
-747
-2513
-2439
-1769
-1271
-924
-406
-854
-1600
-950
-385
-1589
-3363
-3233
-2649
-3346
-4275
-4290
-3359
-1292
1056
805
-1388
-1838
330
1866
796
-419
259
1533
2487
3155
2683
1701
1466
2139
2852
2974
2384
664
-629
879
3051
2082
-1056
-1873
-759
-719
-1409
-1598
-1254
-763
859
2175
1395
10
82
1445
1926
2207
2598
2098
1674
1853
1537
101
-1102
-1527
-2065
-2626
-2775
-3463
-4676
-3778
-912
-861
-3967
-5280
-3683
-2585
-3620
-4406
-3597
-1899
-25
1663
2364
1958
2161
3629
4924
5457
4883
2961
1945
3137
4705
3865
1540
215
-55
100
138
-8
-1513
-2265
-492
787
-33
-1514
-1558
-1316
-949
82
830
905
1180
2546
3023
1742
789
797
466
-95
-349
-1319
-2777
-2183
-159
-245
-2577
-4318
-3942
-3288
-3269
-3580
-4430
-4262
-2162
61
518
-183
-275
80
962
2363
2809
1516
291
1931
4049
3693
2262
1728
2085
2055
2676
2982
1860
1031
1591
2744
2414
1139
-103
-1110
-851
188
-66
-1248
-741
962
1153
106
-535
-917
-1868
-2607
-2363
-3273
-4716
-3355
-420
153
-1757
-2721
-2063
-1406
-1037
-1304
-2102
-2301
-1286
305
697
312
-182
-582
497
2651
3075
455
-974
630
2577
2699
1467
942
83
-422
520
1155
355
-118
1315
2645
2641
2205
1575
800
1180
2706
3282
2369
2048
2711
2660
1575
496
-564
-1677
-1456
-1278
-3262
-5274
-4408
-1791
-1367
-3299
-4608
-4928
-4806
-4263
-4139
-4670
-4541
-2561
-381
810
1486
1669
1413
1837
4033
4890
2884
571
737
2399
2658
1802
477
-390
-10
918
968
-190
-785
89
1016
1186
1092
69
-1436
-1222
386
1076
908
1554
2821
3228
3073
3234
2361
889
1045
1855
385
-2293
-2572
-493
428
-911
-2965
-3863
-3332
-2805
-3137
-4638
-5253
-3994
-2356
-1320
-402
-84
-1145
-868
1298
2876
1811
14
578
2082
2908
2983
2417
1235
968
2377
3060
1761
451
805
1667
1825
1248
-15
-1490
-1724
-714
-380
-889
-377
770
1010
1283
1622
603
-812
-608
463
-441
-2673
-2674
-598
926
592
-592
-1526
-1632
-657
-430
-1706
-3081
-2681
-1178
-184
491
346
-374
-494
1283
2943
1828
-38
-461
401
1167
1359
716
-773
-1356
-135
899
202
-457
144
933
1601
1989
1007
-821
-1238
140
629
-328
-286
901
1411
1384
1460
780
-579
-515
471
-486
-2826
-3786
-2239
-527
-464
-1475
-2792
-3163
-2447
-1681
-2431
-3349
-2863
-1780
-178
1128
1570
718
460
2589
4565
3864
1791
1108
1479
1667
1835
1415
-66
-1058
-396
518
122
-685
-837
-355
675
1493
833
-1186
-2058
-988
-323
-326
220
969
1616
2501
3363
2538
938
1401
2644
1736
-1073
-2268
-1372
-438
-126
-936
-2149
-2921
-2296
-1789
-2641
-3449
-3720
-3201
-1913
75
992
-347
-1080
745
3014
3233
1999
1107
967
1624
2742
2687
986
29
1015
1639
971
391
29
-281
102
1108
891
-1061
-2050
-1432
-1123
-1228
-865
-248
33
1152
2425
1497
-299
-290
1276
1129
-890
-2223
-1779
-271
776
745
-726
-1415
-539
-297
-1067
-1873
-2344
-2869
-2360
-321
807
-436
-1494
6
2127
2448
1451
426
-213
289
1609
1637
-126
-1236
-531
357
517
363
48
-220
719
2461
2186
541
122
345
143
69
720
613
49
1115
2562
1878
-181
-197
1074
853
-985
-2754
-3007
-2018
-447
-322
-1901
-2888
-2358
-1566
-1706
-1994
-2384
-3138
-2471
82
1469
415
-258
1031
2667
3209
2917
1842
249
83
1602
1918
193
-1037
-752
-310
-174
-104
-578
-1397
-518
1310
1340
-152
-1013
-822
-961
-561
381
304
61
1419
3317
2961
1589
1360
2234
2358
1014
-615
-2070
-1886
-357
126
-1150
-2377
-2227
-1972
-2121
-2174
-2698
-4014
-3923
-1426
318
-568
-1529
-462
1275
2395
2960
2343
955
981
2379
2838
1857
888
654
634
911
1292
198
-1206
-598
1036
1266
78
-551
-982
-1534
-1229
-410
-621
-1212
310
2249
2114
581
261
1373
1734
1109
-485
-1913
-1668
-187
585
-263
-1009
-1029
-1151
-1202
-867
-1576
-3620
-4111
-1933
-135
-660
-1566
-953
299
1557
2674
2156
490
273
1588
2132
1124
290
140
57
713
1412
771
-416
-29
1677
2090
1571
1009
217
-598
-278
559
-296
-1197
-259
1636
1833
536
264
752
1208
1030
-322
-2123
-2422
-898
-88
-864
-1525
-1523
-1696
-1701
-984
-1104
-2992
-3936
-2122
51
194
-428
-260
521
2029
3458
2986
1150
325
1278
1889
1204
648
52
-442
31
945
436
-1042
-688
599
1061
738
653
130
-943
-636
310
67
-983
-309
1829
2562
1834
1099
1289
2095
2283
870
-1448
-2383
-1385
-563
-897
-1372
-1738
-2385
-2288
-1155
-1222
-3212
-4415
-3073
-1274
-909
-1096
-1088
-726
840
2810
3193
1684
774
1662
2369
2323
1713
926
292
777
1728
908
-644
-793
266
596
649
830
-85
-1216
-1111
-245
-700
-1880
-1240
575
1390
936
341
349
1222
2155
1462
-784
-1988
-1111
16
65
-182
-595
-1360
-1319
-121
-90
-2327
-4078
-3431
-2031
-1275
-1139
-1600
-1574
-202
2042
2807
1543
786
1221
1866
2060
2004
1079
-78
425
1594
1282
-220
-357
534
987
1426
1658
867
-513
-559
179
-517
-1833
-1673
-250
835
810
143
-178
568
1714
1366
-715
-2097
-1733
-1155
-920
-603
-847
-1922
-1964
-427
120
-1651
-3216
-2957
-1848
-713
-215
-507
-1065
-39
2243
3096
2165
1142
1177
1432
1911
2135
1150
-59
207
1510
1250
125
-181
-82
239
1053
1826
989
-458
-311
456
-97
-1237
-1266
-218
855
1298
870
325
902
2230
2109
132
-1434
-1662
-1432
-1042
-410
-658
-2057
-2356
-890
-263
-1438
-2859
-3410
-2896
-1729
-591
-977
-1959
-990
1447
2734
2138
1633
1500
1627
2299
2756
1900
455
721
1613
1295
423
45
-60
-171
757
1768
980
-425
-442
175
-169
-1129
-1573
-1105
46
915
536
-392
230
2024
2217
629
-598
-990
-1166
-781
258
193
-1461
-1881
-594
106
-773
-2255
-3128
-3393
-2256
-815
-1165
-2359
-1869
373
1726
1777
1392
924
876
1749
2556
1451
134
556
1395
1179
593
582
263
-128
996
2317
1739
396
283
764
232
-848
-1477
-1310
-308
758
464
-693
-337
1351
1891
936
-170
-957
-1667
-1328
174
145
-1430
-2013
-941
-51
-531
-1341
-2459
-3144
-2121
-473
-514
-1882
-1616
125
1473
1843
1651
957
395
1361
2250
1263
-153
-132
595
525
289
328
-440
-1063
55
1542
1307
184
73
528
333
-375
-1070
-1290
-358
1081
1038
-149
24
1458
2096
1403
504
-570
-1956
-1727
-281
-116
-1628
-2492
-1595
-792
-652
-1193
-2514
-3630
-2909
-1111
-942
-1929
-1948
-590
819
1857
2356
1602
994
1976
3028
2337
1015
939
1318
1036
955
946
-63
-967
-74
1377
1258
238
123
632
705
142
-769
-1320
-522
937
975
-13
-10
1288
2087
1919
1625
434
-1066
-1121
294
775
-533
-1468
-1254
-608
-286
-556
-2004
-3557
-3088
-1540
-1184
-2157
-2375
-1368
-87
1293
1948
1244
577
1301
2325
1941
976
832
900
808
1265
1522
476
-546
189
1671
1860
1120
750
876
981
587
-572
-1606
-1002
362
504
-574
-718
421
1111
1504
1539
545
-1167
-1577
-323
230
-587
-1518
-1498
-998
-216
85
-1260
-2894
-2820
-1375
-916
-1651
-2044
-1786
-831
799
1718
1041
232
953
2016
1677
857
661
442
218
818
1260
269
-925
-480
882
1383
1035
693
674
990
1024
-76
-1218
-904
550
865
-75
-185
350
887
1470
1975
1002
-1108
-1814
-840
-172
-930
-1736
-2044
-1776
-709
-48
-1102
-3033
-3316
-2088
-1436
-1676
-2096
-2249
-1389
558
1930
1418
598
1273
2290
2105
1503
1221
680
327
927
1340
371
-859
-704
313
781
712
406
291
819
1035
138
-1361
-1254
106
413
-113
-276
211
667
1622
2591
1893
34
-935
-243
229
-72
-698
-1524
-1696
-751
212
-685
-2611
-3164
-2491
-1959
-1865
-2152
-2600
-2123
-135
1505
1230
585
1210
2048
2037
1843
1663
927
484
1219
1823
983
-247
-260
412
1010
1208
768
499
856
1412
443
-1257
-1328
-264
127
-323
-283
-178
-86
971
2279
2051
207
-839
-539
-111
-12
-388
-1282
-1892
-925
452
-79
-1675
-2347
-2061
-1613
-1280
-1402
-2237
-2339
-593
1155
1070
485
921
1554
1614
1752
1634
734
153
808
1641
1007
-76
-428
-40
721
1117
952
444
1034
1912
1146
-451
-844
33
330
190
215
-3
-248
657
2280
2235
577
-606
-759
-533
-307
-455
-1517
-2398
-1448
22
-180
-1528
-2370
-2460
-2073
-1312
-1184
-2224
-2566
-831
1041
1278
908
1263
1665
1811
2130
2020
1028
172
779
1443
1039
52
-645
-532
26
704
398
-201
486
1632
1152
-532
-972
-412
-85
-29
143
-163
-712
220
2034
2431
1226
82
-348
-380
59
184
-1062
-2248
-1553
-174
-157
-1229
-2185
-2701
-2598
-1765
-1466
-2563
-3137
-1740
19
455
484
875
1174
1381
1948
2210
1163
284
663
1469
1450
606
-146
-520
75
908
630
-206
263
1520
1153
-316
-1027
-737
-573
-416
-14
-421
-1112
-373
1426
2222
1521
560
-211
-504
123
519
-627
-1950
-1536
-202
242
-391
-1281
-2113
-2219
-1263
-810
-1910
-2804
-1831
-325
318
469
787
895
1000
1791
2042
1233
333
517
1206
1297
881
6
-567
-52
934
766
-118
420
1695
1737
508
-258
-342
-374
45
524
-9
-971
-578
1031
1954
1703
947
-68
-658
-85
499
-409
-1729
-1664
-570
56
-137
-922
-2008
-2317
-1285
-694
-1762
-2677
-1984
-521
228
669
1044
916
1188
2008
2424
1636
657
677
1128
1458
1145
220
-663
-291
705
423
-407
4
1320
1526
583
-77
-436
-588
-27
647
209
-872
-690
783
1863
2095
1621
420
-411
70
746
6
-1431
-1784
-1118
-403
-178
-772
-2083
-2641
-1708
-1118
-1883
-2813
-2395
-1420
-660
261
746
656
747
1713
2419
1904
1068
822
1226
1666
1689
707
-389
-52
842
532
-496
-242
938
1145
521
-57
-708
-1173
-693
182
-76
-1123
-1130
-82
1019
1838
1786
560
-463
-15
817
261
-1052
-1616
-1238
-500
162
-284
-1818
-2498
-1720
-983
-1767
-2636
-2506
-2070
-1329
-309
406
164
78
1009
1860
1716
1010
592
628
1239
1641
796
-375
-186
775
538
-394
-110
924
1247
1011
596
-233
-989
-548
393
124
-871
-1117
-555
450
1602
1890
688
-522
-173
610
297
-788
-1418
-1514
-883
144
12
-1396
-2367
-1618
-911
-1482
-2192
-2299
-2033
-1499
-335
463
342
308
1138
1997
1986
1491
831
574
1238
1851
1068
-321
-317
579
360
-485
-285
538
983
1135
1022
139
-805
-372
649
566
-223
-658
-469
392
1811
2470
1411
149
234
920
662
-122
-960
-1558
-1165
-37
268
-1153
-2241
-1745
-1086
-1372
-1963
-2174
-2313
-1900
-724
193
135
92
865
1723
2084
1900
1203
729
1345
2200
1571
147
85
940
747
-105
-165
405
837
1232
1374
421
-767
-594
285
458
-95
-642
-932
-329
1311
2392
1658
384
387
876
877
398
-430
-1229
-1121
169
613
-602
-1710
-1490
-1025
-1298
-1734
-2138
-2534
-2334
-1254
-372
-383
-344
265
1075
1725
1810
1105
450
1069
2057
1478
122
56
814
682
-54
-160
250
645
1319
1719
859
-337
-430
243
477
182
-468
-1144
-914
648
1909
1284
179
-89
264
465
256
-477
-1641
-1664
-352
349
-590
-1622
-1498
-1107
-1131
-1451
-1911
-2437
-2344
-1381
-632
-480
-360
5
663
1454
1813
1057
146
691
1757
1382
120
-153
382
331
-211
-351
-284
-24
825
1479
899
-219
-453
-28
388
392
-88
-979
-1091
424
1731
1596
686
256
365
550
704
-39
-1446
-1846
-668
175
-561
-1572
-1737
-1445
-1347
-1456
-1851
-2563
-2634
-1847
-1032
-615
-433
-190
371
1460
2259
1604
549
926
2004
1814
648
218
563
454
89
-127
-363
-285
634
1485
1040
1
-561
-361
60
415
99
-1106
-1399
-110
1402
1648
1103
737
571
859
1324
804
-729
-1362
-360
471
-20
-930
-1237
-1194
-1126
-1058
-1546
-2439
-2683
-2085
-1385
-1000
-744
-592
-184
1017
2076
1568
545
842
1972
2004
1057
732
855
732
551
433
-18
-163
718
1613
1486
582
-47
-248
40
731
510
-743
-1421
-448
918
1341
1166
758
337
584
1291
971
-542
-1351
-631
248
139
-484
-950
-1177
-933
-562
-925
-1871
-2329
-2011
-1476
-968
-607
-677
-553
693
1908
1574
478
580
1545
1546
818
486
445
276
290
191
-429
-623
202
1248
1328
805
218
-336
-104
765
901
-343
-1277
-642
552
1263
1391
981
349
517
1343
1180
-215
-1222
-880
-193
-139
-521
-1109
-1546
-1348
-881
-1102
-1915
-2385
-2261
-1857
-1191
-675
-914
-933
310
1762
1599
558
654
1473
1568
1039
781
487
195
281
181
-440
-887
-219
677
952
757
117
-605
-537
458
765
-344
-1314
-991
-15
856
1350
1032
285
431
1396
1497
219
-851
-683
-123
118
-56
-672
-1300
-1229
-736
-866
-1639
-2262
-2510
-2372
-1556
-895
-1227
-1538
-366
1275
1360
513
556
1282
1413
1232
1024
625
366
552
640
-105
-643
-151
652
1124
1189
668
-282
-447
499
976
74
-1039
-1143
-563
364
1181
977
143
115
1151
1515
440
-567
-637
-193
193
238
-331
-1035
-997
-440
-460
-1045
-1606
-2096
-2155
-1410
-653
-1072
-1595
-542
1112
1397
645
648
1115
1313
1275
1064
604
239
619
717
-69
-663
-332
425
1015
1441
1104
21
-329
611
1312
656
-364
-764
-556
325
1347
1400
504
273
1204
1639
870
-121
-552
-464
-111
121
-330
-1143
-1230
-791
-711
-999
-1475
-2130
-2448
-1607
-669
-1006
-1680
-800
908
1368
949
822
1109
1328
1449
1376
715
287
642
799
130
-553
-541
-159
500
1228
1075
-60
-647
97
849
574
-200
-855
-983
-167
1105
1426
592
283
1125
1716
1231
271
-363
-495
-200
191
-149
-905
-1181
-986
-843
-940
-1331
-2224
-2724
-2046
-1122
-1445
-2185
-1425
79
808
646
587
873
1110
1424
1424
795
412
710
899
380
-258
-508
-386
287
1270
1308
166
-552
-67
643
617
8
-845
-1342
-778
578
1066
310
-42
643
1383
1184
425
-230
-609
-343
138
-26
-641
-954
-814
-636
-422
-637
-1591
-2456
-1942
-965
-1282
-2021
-1609
-299
487
598
665
575
665
1182
1351
636
93
441
720
354
-131
-448
-593
22
1208
1504
612
-71
183
709
909
673
-228
-1166
-837
582
1186
511
-4
571
1392
1502
955
-16
-658
-397
116
-113
-734
-993
-1002
-878
-519
-412
-1364
-2285
-1755
-841
-1004
-1789
-1603
-454
352
706
755
792
875
1286
1396
991
775
943
915
253
-192
-228
-346
-168
540
944
570
-16
-34
555
1038
1183
-302
-1847
-1283
613
1259
-153
-93
1801
2569
1358
752
967
593
-359
-1175
-1109
-987
-797
-619
-743
-202
334
-241
-1005
-1478
-1578
-1630
-2304
-2824
