0.000000000000000000e+00
1.030643124977359548e-05
1.727585768094286323e-04
3.208957205060869455e-04
-2.620818559080362320e-04
3.109816680080257356e-05
-2.429432643111795187e-04
1.091232406906783581e-03
3.017582232132554054e-03
-1.168360933661460876e-03
-6.840491550974547863e-04
1.971790334209799767e-03
1.418919418938457966e-03
-6.468875799328088760e-04
-2.591158729046583176e-03
1.412428682669997215e-03
6.683156243525445461e-04
2.753953449428081512e-04
1.131665077991783619e-03
-5.286087398417294025e-04
1.797611366782803088e-05
-2.434537280350923538e-03
-1.464948290959000587e-03
5.937492242082953453e-04
2.362004714086651802e-03
8.839255897328257561e-04
-2.315825037658214569e-02
1.328159868717193604e-01
6.244600415229797363e-01
5.859222412109375000e-01
1.310354471206665039e-01
2.141054570674896240e-01
-3.779519200325012207e-01
-1.021034002304077148e+00
-4.898910224437713623e-01
-3.401740491390228271e-01
-3.790785074234008789e-01
1.246674731373786926e-01
6.210196614265441895e-01
4.567527472972869873e-01
5.273629352450370789e-02
2.088715322315692902e-02
-2.104643732309341431e-01
-3.439266681671142578e-01
-6.539697200059890747e-02
7.499814033508300781e-02
-1.915343701839447021e-01
-1.765392869710922241e-01
5.808812007308006287e-02
7.460014522075653076e-02
1.426816433668136597e-01
1.601347923278808594e-01
6.521105766296386719e-02
-5.505016073584556580e-02
-2.315792255103588104e-02
-2.807970531284809113e-02
3.560174489393830299e-03
4.313039034605026245e-02
1.590658357599750161e-04
-1.289901975542306900e-02
-4.603600502014160156e-02
-5.601870641112327576e-02
-4.327278956770896912e-02
1.753437519073486328e-02
-3.585510887205600739e-03
1.441638916730880737e-02
2.486554346978664398e-02
4.610417783260345459e-02
7.878919690847396851e-02
7.931930571794509888e-02
4.858218133449554443e-02
-1.260440237820148468e-02
-1.718750223517417908e-02
-2.681801840662956238e-02
3.050388768315315247e-02
4.215170070528984070e-02
3.824391216039657593e-02
3.084247000515460968e-02
2.053864113986492157e-02
2.522420883178710938e-02
3.688660636544227600e-02
4.436583444476127625e-02
1.578302122652530670e-02
2.661106921732425690e-02
2.131085284054279327e-02
2.027595601975917816e-02
4.052767530083656311e-02
5.166539549827575684e-02
3.029664047062397003e-02
4.082855209708213806e-02
5.550815165042877197e-02
3.470249101519584656e-02
3.077684342861175537e-02
2.105757407844066620e-02
-1.755955629050731659e-02
-3.430184349417686462e-02
-1.265805400907993317e-02
-1.019821036607027054e-02
2.508877404034137726e-02
5.043512955307960510e-02
3.202063590288162231e-02
2.363471686840057373e-02
2.234991826117038727e-02
7.312676869332790375e-03
8.875293657183647156e-03
3.680271655321121216e-02
4.002189263701438904e-02
4.035649448633193970e-02
4.803972318768501282e-02
2.933968976140022278e-02
4.846065770834684372e-03
7.802139734849333763e-04
-2.190633118152618408e-02
-1.702301949262619019e-02
1.064008101820945740e-02
1.745278947055339813e-02
4.727914556860923767e-02
4.902591183781623840e-02
2.754624187946319580e-02
1.067076250910758972e-02
-2.168519981205463409e-02
-4.767626896500587463e-02
-6.914690881967544556e-02
-5.726112425327301025e-02
-3.700220957398414612e-02
-7.430461701005697250e-03
3.626545518636703491e-02
3.020248375833034515e-02
4.591911658644676208e-02
3.367952257394790649e-02
-7.875147275626659393e-03
2.626358531415462494e-03
-1.209198869764804840e-02
-1.904604583978652954e-02
5.979520734399557114e-03
3.091981448233127594e-02
1.908050291240215302e-02
1.731470786035060883e-02
3.425151854753494263e-02
-4.709392786026000977e-03
-5.665226839482784271e-03
3.299000905826687813e-03
-1.649037376046180725e-02
-6.636041216552257538e-03
4.849096760153770447e-03
8.130186237394809723e-03
1.018926687538623810e-02
3.133660927414894104e-02
2.310008555650711060e-02
9.879470802843570709e-03
2.105943672358989716e-02
-8.169058710336685181e-03
-9.447558782994747162e-03
1.229319488629698753e-03
-8.974515832960605621e-03
1.185048953630030155e-03
6.538509391248226166e-03
4.005994647741317749e-03
-5.311449524015188217e-03
3.870679065585136414e-03
6.076432298868894577e-03
-4.736570641398429871e-03
6.142999045550823212e-03
-4.438419360667467117e-03
-5.235061515122652054e-03
2.972448477521538734e-03
-6.220874842256307602e-03
-3.321536816656589508e-03
-1.717528211884200573e-03
-1.667391870796564035e-06
-8.412701427005231380e-04
2.034944714978337288e-03
9.529778035357594490e-04
4.086385481059551239e-03
7.695503998547792435e-03
-8.951055817306041718e-03
-2.883585868403315544e-03
-5.654318374581634998e-04
-1.019156631082296371e-02
-3.352099563926458359e-03
-1.088334247469902039e-03
-6.895390804857015610e-03
-1.355662941932678223e-03
6.811632309108972549e-03
-2.738881856203079224e-03
-2.945839951280504465e-04
3.573581576347351074e-03
-8.752090856432914734e-03
-7.517163641750812531e-03
-2.791388891637325287e-03
-4.981201607733964920e-03
-3.781190374866127968e-03
7.739699794910848141e-04
-1.923854695633053780e-03
-6.781707517802715302e-03
9.277538047172129154e-04
-4.093856085091829300e-03
-6.988293025642633438e-03
1.710004988126456738e-03
-6.159292068332433701e-03
-8.552685030736029148e-04
5.835989955812692642e-03
1.577377115609124303e-04
4.474769812077283859e-03
4.203311633318662643e-03
-9.987610392272472382e-04
-1.794853480532765388e-03
1.593636232428252697e-03
-9.068122017197310925e-04
-1.417413819581270218e-03
4.341742955148220062e-03
-2.000677399337291718e-03
-3.029740881174802780e-03
2.122520934790372849e-03
-2.350133610889315605e-03
-4.100601654499769211e-03
6.001906585879623890e-04
-2.084451261907815933e-03
-4.321155138313770294e-03
2.667424269020557404e-03
-1.798660843633115292e-03
-2.510596765205264091e-03
2.596874488517642021e-03
-2.296273130923509598e-03
-3.171081480104476213e-04
-7.515234756283462048e-05
-2.328682923689484596e-03
-8.167080231942236423e-04
-8.202760363928973675e-04
2.133831003447994590e-04
-1.383917551720514894e-04
1.618144800886511803e-03
1.730234245769679546e-03
6.318944360828027129e-05
1.186872366815805435e-03
1.990643067983910441e-04
2.627078501973301172e-04
7.492272998206317425e-04
2.213779407611582428e-05
2.235580468550324440e-04
3.015671391040086746e-04
9.024228347698226571e-05
-2.100353012792766094e-04
8.674095442984253168e-05
1.570007589180022478e-04
-4.616661681211553514e-05
8.768073894316330552e-05
1.087977216229774058e-04
5.040146788815036416e-05
6.955701974220573902e-05
-5.401230737334117293e-06
-5.341492214938625693e-05
-9.860798854788299650e-06
-1.711864024400711060e-05
-3.774946890189312398e-06
0.000000000000000000e+00
