-0.000000000000000000e+00
6.676989414700074121e-06
-5.889718067919602618e-06
4.944594184053130448e-05
-3.216095210518687963e-04
-8.964763255789875984e-04
-6.345112924464046955e-04
-1.601173542439937592e-03
-3.055700508411973715e-04
3.572709159925580025e-03
-7.394722197204828262e-04
-1.561428507557138801e-04
3.720082109794020653e-03
-2.760682255029678345e-04
-1.309458981268107891e-03
-3.731450997292995453e-03
2.028965158388018608e-03
-1.365349628031253815e-03
-4.743914119899272919e-03
6.109553389251232147e-03
-6.245141383260488510e-03
4.645670123863965273e-04
5.185110960155725479e-03
-5.244339350610971451e-03
8.420899510383605957e-03
6.708721630275249481e-03
1.757306419312953949e-02
1.740862429141998291e-01
5.635874271392822266e-01
5.890027284622192383e-01
1.835598945617675781e-01
1.044938042759895325e-01
-4.155912697315216064e-01
-9.381546974182128906e-01
-5.044561028480529785e-01
-4.600071012973785400e-01
-3.472342789173126221e-01
2.200555503368377686e-01
4.934520125389099121e-01
5.636433362960815430e-01
2.865530848503112793e-01
-5.464712530374526978e-02
-3.181407749652862549e-01
-3.358304798603057861e-01
-1.573361456394195557e-01
-3.091437742114067078e-03
-9.588827937841415405e-02
-1.152416914701461792e-01
8.340805768966674805e-02
5.619962513446807861e-02
1.730047911405563354e-01
1.925048530101776123e-01
1.001439541578292847e-01
-3.671807423233985901e-02
-8.882780373096466064e-02
-1.313303560018539429e-01
-1.270602047443389893e-01
5.821613222360610962e-02
1.561525929719209671e-02
3.842422366142272949e-02
-8.975254371762275696e-03
-5.560218170285224915e-02
-3.250893577933311462e-02
5.303543806076049805e-02
4.978134110569953918e-02
9.737077169120311737e-03
2.989056706428527832e-02
-1.543646585196256638e-02
4.477640241384506226e-02
5.232102796435356140e-02
6.607710570096969604e-02
5.570460576564073563e-03
2.367632929235696793e-03
-1.335136778652667999e-02
5.647114012390375137e-04
4.317611083388328552e-02
3.492169082164764404e-02
5.659178644418716431e-02
2.770122513175010681e-02
3.522593155503273010e-02
6.881234236061573029e-03
3.922389075160026550e-02
2.890210784971714020e-02
2.944391593337059021e-02
3.094637766480445862e-02
1.595261693000793457e-02
3.192300349473953247e-02
4.200898110866546631e-02
6.633272022008895874e-02
4.764046892523765564e-02
6.261245161294937134e-02
3.854345902800559998e-02
1.891208929009735584e-03
-1.612275652587413788e-02
-2.445801720023155212e-02
-3.186298906803131104e-02
-8.605858311057090759e-03
1.467677298933267593e-02
2.238830551505088806e-02
5.292454361915588379e-02
5.009246990084648132e-02
2.998349629342556000e-02
2.208811044692993164e-02
2.723463252186775208e-02
1.350818760693073273e-02
2.492519654333591461e-02
2.023010700941085815e-02
2.391077578067779541e-03
1.496149320155382156e-02
2.908414416015148163e-02
1.932672411203384399e-02
1.342233642935752869e-02
2.506560087203979492e-02
7.191584445536136627e-03
3.374214470386505127e-02
4.761143401265144348e-02
1.290612760931253433e-02
8.770631626248359680e-03
-1.477714721113443375e-02
-4.299610108137130737e-02
-4.057530313730239868e-02
-5.189641937613487244e-02
-5.142737552523612976e-02
-2.772814780473709106e-02
1.202440354973077774e-02
2.439828775823116302e-02
3.166395053267478943e-02
4.121882840991020203e-02
3.221788909286260605e-03
1.294559706002473831e-02
-7.597068324685096741e-03
-2.294855751097202301e-02
6.508470512926578522e-03
7.482285145670175552e-03
2.737993374466896057e-02
2.730526961386203766e-02
2.497674152255058289e-02
3.022135468199849129e-03
7.593950256705284119e-03
7.028909400105476379e-03
-2.252184972167015076e-02
-3.154657781124114990e-03
-8.374147117137908936e-03
-2.308812923729419708e-03
2.092912048101425171e-02
2.483779564499855042e-02
2.136734127998352051e-02
2.810643799602985382e-02
2.660022489726543427e-02
2.978321164846420288e-03
7.921793498098850250e-03
-6.820839364081621170e-03
-1.955301687121391296e-02
-3.816258977167308331e-04
-5.187610164284706116e-03
-3.468355280347168446e-04
1.303046289831399918e-02
8.017292246222496033e-03
7.773141842335462570e-03
7.181431632488965988e-03
-6.920233718119561672e-04
-1.048323232680559158e-02
-5.511040799319744110e-03
-4.706858191639184952e-03
-1.313417218625545502e-02
2.234209328889846802e-03
1.700779190286993980e-03
-7.327223196625709534e-03
3.111592028290033340e-03
4.718708340078592300e-03
-1.721841865219175816e-03
5.463941022753715515e-03
3.663104493170976639e-03
-7.876135408878326416e-03
4.473341628909111023e-03
-4.086807370185852051e-03
-1.473775971680879593e-02
-3.219738602638244629e-03
-4.806234035640954971e-03
-7.308532483875751495e-03
-5.181581364013254642e-04
1.104945782572031021e-03
-7.338759489357471466e-03
2.342421328648924828e-03
3.189883427694439888e-03
-5.204235203564167023e-03
2.732469001784920692e-03
-4.819862544536590576e-03
-8.551187813282012939e-03
-5.659968592226505280e-04
-3.415926825255155563e-03
-3.143012756481766701e-03
9.287656284868717194e-04
-3.032902313861995935e-04
-3.932495135813951492e-03
-2.340661827474832535e-03
-9.809473995119333267e-04
-6.861010100692510605e-03
-2.206236356869339943e-03
-3.545035142451524734e-04
-3.671712940558791161e-03
4.869769327342510223e-03
5.627157166600227356e-03
1.980563858523964882e-03
4.749861545860767365e-03
2.904966007918119431e-03
-3.876156872138381004e-03
-1.564838108606636524e-03
3.199690254405140877e-04
-4.198314156383275986e-03
8.776295580901205540e-04
-3.300155731267295778e-05
-4.461538977921009064e-03
7.516707410104572773e-04
-2.272254205308854580e-04
-3.282015211880207062e-03
-7.619409589096903801e-04
-1.020124531351029873e-03
-4.350967239588499069e-03
-5.037933005951344967e-04
1.401613117195665836e-03
-2.799521898850798607e-03
8.185231708921492100e-04
-5.236787728790659457e-06
-3.137184306979179382e-03
5.722883506678044796e-04
-8.065921138040721416e-04
-1.688778749667108059e-03
3.893984248861670494e-04
2.886691072490066290e-04
4.307773779146373272e-04
1.304441713728010654e-03
1.795708434656262398e-03
9.535940480418503284e-04
8.640091400593519211e-04
4.200036346446722746e-04
-1.240234269062057137e-04
8.241474861279129982e-04
3.475972916930913925e-04
8.095650628092698753e-06
3.784543077927082777e-04
8.441719546681270003e-05
-3.007990198966581374e-05
-4.145731509197503328e-05
-1.105933642975287512e-05
9.518833394395187497e-06
5.440146196633577347e-05
8.723809150978922844e-05
3.755402940441854298e-05
2.918015343311708421e-05
1.286027418245794252e-05
-4.282395821064710617e-05
-2.509618752810638398e-05
-7.554296189482556656e-06
-5.062036052549956366e-06
-0.000000000000000000e+00
