0.000000000000000000e+00
3.240696605644188821e-05
2.195038978243246675e-04
8.900407119654119015e-04
1.178040751256048679e-03
-1.481039798818528652e-04
-7.396417204290628433e-04
-6.068362854421138763e-04
-2.556513063609600067e-03
-7.030650158412754536e-04
4.085579421371221542e-03
2.929328009486198425e-03
-9.608739055693149567e-04
-8.704363135620951653e-04
-8.038230589590966702e-04
-2.532920101657509804e-03
-9.919063886627554893e-04
-1.699916901998221874e-03
2.933188574388623238e-03
7.214011158794164658e-03
-2.229330711998045444e-04
1.490016467869281769e-03
1.810180983738973737e-04
-5.257466342300176620e-03
-1.132977078668773174e-03
-7.033835281617939472e-04
-1.649760291911661625e-03
-1.490587135776877403e-03
-8.541436727682594210e-06
-2.101379679515957832e-03
-4.352212417870759964e-03
9.400881826877593994e-04
5.334994057193398476e-04
-2.353375311940908432e-03
2.684072824195027351e-03
-9.004049206851050258e-05
-4.072606097906827927e-03
3.799917642027139664e-03
-2.570418640971183777e-03
-1.726690214127302170e-03
5.560023337602615356e-02
1.363422423601150513e-01
1.637633144855499268e-01
1.430678516626358032e-01
7.571478933095932007e-02
-5.283335223793983459e-02
-1.521513015031814575e-01
-1.817493140697479248e-01
-1.420158296823501587e-01
-7.562188804149627686e-02
-1.262115314602851868e-02
4.125342890620231628e-02
3.666472434997558594e-02
5.167071893811225891e-02
7.196760177612304688e-02
5.554698780179023743e-02
4.198064655065536499e-02
1.501465402543544769e-02
-3.048249147832393646e-02
-7.822916656732559204e-02
-9.687270224094390869e-02
-9.975267201662063599e-02
-7.466682791709899902e-02
-4.501735791563987732e-02
-2.668018639087677002e-02
2.945613348856568336e-03
1.352212764322757721e-02
5.774515680968761444e-03
-1.325737126171588898e-02
-3.046524710953235626e-02
-3.875211626291275024e-02
-2.495035156607627869e-02
2.777969057206064463e-04
7.078759837895631790e-03
3.822393016889691353e-03
-3.476743586361408234e-03
9.862052975222468376e-04
1.131381001323461533e-02
2.019928395748138428e-02
3.027297742664813995e-02
2.413355931639671326e-02
1.438310090452432632e-02
2.062555868178606033e-03
-2.724116668105125427e-03
3.749746596440672874e-03
1.521810796111822128e-02
3.530942276120185852e-02
3.559383377432823181e-02
2.995655871927738190e-02
2.596848458051681519e-02
2.736048586666584015e-02
2.578003145754337311e-02
2.463610097765922546e-02
3.039975464344024658e-02
1.903991401195526123e-02
2.338957600295543671e-02
2.544902265071868896e-02
2.109453268349170685e-02
2.827713638544082642e-02
2.812279574573040009e-02
2.962874248623847961e-02
2.644647285342216492e-02
2.444806694984436035e-02
2.405455894768238068e-02
1.788009889423847198e-02
2.208815701305866241e-02
1.934472471475601196e-02
1.122843753546476364e-02
1.866810955107212067e-02
1.962185837328433990e-02
1.768708042800426483e-02
2.299471013247966766e-02
2.298670634627342224e-02
1.839516125619411469e-02
2.504380047321319580e-02
2.500092051923274994e-02
1.352696865797042847e-02
1.713170669972896576e-02
1.012613903731107712e-02
5.780434235930442810e-03
1.205590087920427322e-02
1.758578792214393616e-02
2.383595891296863556e-02
2.282944135367870331e-02
2.800899930298328400e-02
1.427124254405498505e-02
7.413316983729600906e-03
1.091653667390346527e-02
3.434387966990470886e-03
1.373569481074810028e-02
1.799047365784645081e-02
1.916849613189697266e-02
2.075020596385002136e-02
1.319448463618755341e-02
3.338237525895237923e-03
4.916507168672978878e-04
3.009612904861569405e-03
-9.623079677112400532e-04
7.707538083195686340e-03
1.468258164823055267e-02
1.192635856568813324e-02
1.349823456257581711e-02
1.056014280766248703e-02
4.539253655821084976e-03
1.444861292839050293e-03
9.644837700761854649e-04
-2.720192307606339455e-03
-6.696471944451332092e-03
-4.952523391693830490e-03
-1.571790548041462898e-03
5.908742081373929977e-03
1.545735448598861694e-02
1.791751943528652191e-02
1.735354587435722351e-02
1.078335475176572800e-02
5.888614105060696602e-04
-5.644748453050851822e-03
-5.885896738618612289e-03
-1.433616504073143005e-03
-2.370270667597651482e-03
6.811749190092086792e-03
9.144928306341171265e-03
1.981273991987109184e-03
6.183913443237543106e-03
1.027256483212113380e-03
-1.126130926422774792e-03
-2.569148084148764610e-03
-1.064046635292470455e-03
-2.617154968902468681e-03
-8.313582278788089752e-03
1.407149480655789375e-03
-2.236629603430628777e-03
-5.253263516351580620e-04
3.775764256715774536e-03
-3.097449662163853645e-03
-2.495697699487209320e-04
-1.799520454369485378e-03
-2.077251672744750977e-03
-1.331215607933700085e-03
-2.785580465570092201e-03
1.646537799388170242e-03
1.561226439662277699e-03
3.022244432941079140e-03
8.301769383251667023e-03
6.812063977122306824e-03
4.404108505696058273e-03
4.488680977374315262e-03
7.358085713349282742e-04
-3.353581763803958893e-03
-3.818110271822661161e-04
-1.876958063803613186e-03
-2.467167563736438751e-03
1.500824466347694397e-03
-6.679889629594981670e-04
3.923624171875417233e-04
9.445346659049391747e-04
3.999860564363189042e-05
-2.056241966784000397e-03
-4.638816695660352707e-03
-2.422533230856060982e-03
-3.389790654182434082e-03
-1.914045307785272598e-03
2.474077511578798294e-03
2.666826359927654266e-03
3.049812512472271919e-03
3.038243157789111137e-03
8.293642313219606876e-04
-4.394177231006324291e-04
-4.579177475534379482e-04
-2.256544772535562515e-03
-1.650039455853402615e-03
-6.423178274417296052e-05
-1.315170549787580967e-03
3.995107545051723719e-04
6.832935032434761524e-04
4.629307077266275883e-04
4.807317454833537340e-04
-1.505475374870002270e-04
7.337405695579946041e-04
-9.948915103450417519e-04
-4.752659297082573175e-04
-3.528624074533581734e-04
-2.073055133223533630e-03
-1.849364256486296654e-03
-2.022198634222149849e-03
-1.830880646593868732e-03
-1.328968210145831108e-03
-9.602489299140870571e-04
-4.741855373140424490e-04
4.998826188966631889e-04
7.197081577032804489e-04
3.425179456826299429e-04
9.395102970302104950e-04
4.983630497008562088e-04
-3.104125207755714655e-04
3.024705802090466022e-04
-1.401543995598331094e-04
-4.466570680961012840e-04
1.365765492664650083e-04
1.923206873470917344e-04
2.032171178143471479e-04
1.706722978269681334e-04
3.796374076046049595e-04
1.772130344761535525e-04
9.679979120846837759e-05
2.200175367761403322e-04
6.019837746862322092e-05
5.407740172813646495e-05
2.713987669267226011e-05
-3.266129169787745923e-06
-1.308515402342891321e-05
-1.051478102453984320e-05
-7.921240467112511396e-06
-5.406672698882175609e-06
-1.577217290105181746e-06
-0.000000000000000000e+00
