-0.000000000000000000e+00
-1.233150687767192721e-04
-5.459225503727793694e-04
-2.357016550377011299e-03
-2.091480884701013565e-03
4.732891917228698730e-03
-1.727928873151540756e-03
-3.731961362063884735e-03
8.863691240549087524e-03
-1.153158303350210190e-02
-7.903756573796272278e-03
1.064587570726871490e-02
-3.450958989560604095e-03
-6.952602416276931763e-04
1.234446465969085693e-02
-4.855042323470115662e-03
9.738634340465068817e-03
3.517165035009384155e-02
6.951819062232971191e-01
1.536422014236450195e+00
4.386377632617950439e-01
-6.565261483192443848e-01
-9.201676845550537109e-01
-1.656066298484802246e+00
-7.020958065986633301e-01
7.382348775863647461e-01
1.195220112800598145e+00
3.606374859809875488e-01
-4.696453809738159180e-01
-4.012389779090881348e-01
-9.854452610015869141e-01
-1.874973326921463013e-01
5.665014982223510742e-01
4.074777960777282715e-01
5.366449803113937378e-02
-1.620084047317504883e-01
-7.854755967855453491e-02
-3.153727352619171143e-01
1.183077245950698853e-01
5.410616286098957062e-03
-1.095093637704849243e-01
-3.095602989196777344e-01
-2.060772329568862915e-01
1.021333709359169006e-01
1.910776644945144653e-01
3.390020430088043213e-01
6.219818256795406342e-03
-4.935962334275245667e-02
-1.992169618606567383e-01
8.830970525741577148e-02
1.414879262447357178e-01
1.870184987783432007e-01
4.819309338927268982e-02
-1.695165038108825684e-01
-5.667163804173469543e-02
-4.956210032105445862e-02
1.686302423477172852e-01
1.201878488063812256e-01
1.772129684686660767e-01
-1.209065318107604980e-02
3.428152948617935181e-02
2.459713257849216461e-02
4.088192805647850037e-02
1.082644388079643250e-01
2.044619992375373840e-02
3.444319218397140503e-02
-7.119870185852050781e-02
3.991981968283653259e-02
8.137406781315803528e-03
1.010560616850852966e-01
6.409464031457901001e-02
3.942811489105224609e-02
4.740425199270248413e-02
1.815631240606307983e-02
5.086985602974891663e-02
2.836479246616363525e-02
3.677435591816902161e-02
-7.680689450353384018e-03
4.018104076385498047e-02
2.119603380560874939e-02
5.814038962125778198e-02
5.086092278361320496e-02
2.639346383512020111e-02
8.151796646416187286e-03
8.892461657524108887e-03
1.836397126317024231e-02
3.468852490186691284e-02
5.888630077242851257e-02
1.695994287729263306e-02
2.793058566749095917e-02
2.934258198365569115e-03
2.092491369694471359e-03
3.757354803383350372e-03
2.871854230761528015e-02
1.323278713971376419e-02
1.279973611235618591e-02
2.459303103387355804e-02
4.835210274904966354e-03
1.979329064488410950e-02
1.680075749754905701e-02
1.323972735553979874e-02
1.139130326919257641e-03
8.081569336354732513e-03
-1.314051635563373566e-02
-1.815235614776611328e-02
-3.878565737977623940e-03
4.634574986994266510e-03
-1.553567417431622744e-04
1.189797185361385345e-02
4.136787727475166321e-03
-1.281374879181385040e-02
-8.013763464987277985e-03
-2.435729093849658966e-02
-4.704640712589025497e-03
2.351001836359500885e-03
1.564823649823665619e-02
1.694406382739543915e-02
2.165988832712173462e-02
4.324108827859163284e-03
-8.267007768154144287e-03
-2.083260193467140198e-02
-3.543692454695701599e-02
5.770279094576835632e-03
-2.772978739812970161e-03
2.182066813111305237e-02
3.041444532573223114e-02
2.216451801359653473e-02
-1.964753726497292519e-03
-1.747026294469833374e-02
8.702782797627151012e-04
-2.699111774563789368e-02
6.486626341938972473e-03
1.287251617759466171e-02
7.056870032101869583e-03
9.809541516005992889e-03
9.883711114525794983e-03
1.891938853077590466e-03
-2.095010690391063690e-02
-2.642205683514475822e-03
-2.810481004416942596e-02
-1.316445227712392807e-02
2.415824448689818382e-03
-2.837679814547300339e-03
1.006616931408643723e-02
3.599452320486307144e-03
7.440722547471523285e-03
1.688025426119565964e-03
4.196731373667716980e-03
-6.771314889192581177e-03
-4.262229893356561661e-03
-7.476214086636900902e-04
-7.234372664242982864e-03
-6.099334917962551117e-03
-8.954307064414024353e-03
-1.130644138902425766e-02
-5.098785273730754852e-03
1.136270444840192795e-02
3.348253667354583740e-03
5.105862393975257874e-03
2.193632069975137711e-03
-6.939216516911983490e-03
-7.107369136065244675e-03
-2.587566385045647621e-03
-3.563460428267717361e-03
3.652846906334161758e-03
1.367204822599887848e-02
2.489338628947734833e-03
1.134253758937120438e-02
6.308532785624265671e-03
-4.195198882371187210e-03
-9.141795337200164795e-03
-1.067320629954338074e-02
-1.588680036365985870e-02
-1.906805112957954407e-02
-1.952941180206835270e-03
-9.254904580302536488e-04
1.149972155690193176e-02
1.901936531066894531e-02
3.122736234217882156e-03
-4.607484675943851471e-03
7.218952756375074387e-03
5.821267608553171158e-03
-7.443036418408155441e-03
8.013994432985782623e-03
-8.359186351299285889e-03
-2.114287577569484711e-02
-9.359780233353376389e-04
-4.223693162202835083e-03
1.086799334734678268e-02
1.518472749739885330e-02
3.932694438844919205e-03
-5.218115635216236115e-03
-1.299278996884822845e-02
-5.748296622186899185e-03
-1.206512097269296646e-02
4.896381404250860214e-03
4.687948152422904968e-03
-2.873208373785018921e-03
6.030770484358072281e-03
-8.016502484679222107e-03
2.841554232873022556e-04
-3.229777794331312180e-03
-1.276997569948434830e-02
-9.873091243207454681e-03
-6.963666062802076340e-03
-1.195711549371480942e-03
2.143957186490297318e-03
1.579172536730766296e-02
6.409189663827419281e-03
3.434616373851895332e-03
4.174249246716499329e-03
-7.479604799300432205e-03
-1.469461480155587196e-03
-2.844196744263172150e-03
-3.226826665922999382e-03
-2.364382147789001465e-03
3.794054209720343351e-04
3.274421673268079758e-03
1.714908750727772713e-03
9.037185460329055786e-03
3.192398697137832642e-03
-3.078298759646713734e-04
2.198847942054271698e-03
-3.213604446500539780e-03
-5.909774918109178543e-04
-2.990356588270515203e-04
-1.570886583067476749e-03
-1.570255612023174763e-03
-2.617547288537025452e-03
-2.508242381736636162e-03
-3.204065607860684395e-03
-2.778213529381901026e-04
-3.692201571539044380e-04
-8.749358676141127944e-05
1.314978813752532005e-03
5.414210609160363674e-04
1.108997967094182968e-03
1.359183690510690212e-03
5.713664577342569828e-04
-5.316715105436742306e-04
-2.576695114839822054e-04
-1.684860326349735260e-03
-1.105022151023149490e-03
1.393733255099505186e-04
-6.330723408609628677e-04
1.285615144297480583e-04
-3.717967410921119153e-05
-1.277667324757203460e-04
1.250233035534620285e-04
1.321696472587063909e-04
1.754199183778837323e-04
7.367521902779117227e-05
7.056318281684070826e-05
5.254986263025784865e-06
1.101574184758646879e-06
0.000000000000000000e+00
