0.000000000000000000e+00
4.044812521897256374e-05
-1.515959884272888303e-04
-4.402059712447226048e-04
1.650748425163328648e-03
7.474172743968665600e-04
-3.536019474267959595e-03
5.755678866989910603e-04
-1.305498153669759631e-04
-9.525827481411397457e-04
3.401696681976318359e-03
1.937712542712688446e-03
2.115727635100483894e-03
8.857575012370944023e-04
1.668902463279664516e-03
1.846599392592906952e-03
-8.848014986142516136e-04
3.122555208392441273e-04
-1.913498505018651485e-03
-3.236725227907299995e-03
-7.646458689123392105e-04
2.286848146468400955e-03
2.037217840552330017e-03
2.523125382140278816e-03
4.151541274040937424e-03
-5.474957870319485664e-04
-2.064088592305779457e-03
-2.467283979058265686e-03
-4.043407738208770752e-03
-1.338528702035546303e-03
-3.953671548515558243e-03
-7.146612741053104401e-03
1.593326334841549397e-03
2.978867664933204651e-02
1.581903398036956787e-01
3.149485588073730469e-01
2.916897833347320557e-01
1.566373705863952637e-01
-4.409761726856231689e-02
-2.870506942272186279e-01
-3.876622319221496582e-01
-2.628287971019744873e-01
-7.552822679281234741e-02
-3.747460618615150452e-02
6.739774346351623535e-02
1.353449672460556030e-01
2.359161153435707092e-02
5.636515468358993530e-02
3.637769445776939392e-02
-7.865200936794281006e-02
-1.043284758925437927e-01
-1.153525412082672119e-01
-1.494353115558624268e-01
-1.106786355376243591e-01
2.583776600658893585e-02
6.353803724050521851e-02
8.942316472530364990e-02
7.186049222946166992e-02
-5.401240778155624866e-04
-1.087132934480905533e-02
-5.659533198922872543e-03
4.530649748630821705e-04
-2.494762279093265533e-02
-1.431414671242237091e-02
-2.096214517951011658e-02
-1.168210338801145554e-02
1.403411105275154114e-02
8.632127195596694946e-03
1.610636524856090546e-02
1.802859082818031311e-02
1.253548450767993927e-02
-8.774817921221256256e-03
-1.994173740968108177e-03
8.870285004377365112e-03
1.878712512552738190e-02
8.459439501166343689e-03
6.840224377810955048e-03
-6.588950054720044136e-04
9.694268926978111267e-03
4.651997983455657959e-02
4.050946608185768127e-02
4.530991613864898682e-02
3.739002719521522522e-02
3.188275173306465149e-02
2.622157707810401917e-02
3.015969321131706238e-02
1.763896830379962921e-02
1.073687151074409485e-02
1.465396676212549210e-02
3.707323456183075905e-03
1.893133483827114105e-02
2.357361651957035065e-02
3.265124186873435974e-02
3.219941258430480957e-02
3.929117694497108459e-02
3.262533247470855713e-02
2.246645465493202209e-02
2.179846353828907013e-02
9.004842489957809448e-03
6.926166359335184097e-03
3.458899911493062973e-03
7.411382626742124557e-03
1.216780580580234528e-02
2.665666490793228149e-02
2.947132848203182220e-02
2.799912169575691223e-02
3.088950365781784058e-02
2.105554193258285522e-02
1.224308833479881287e-02
1.226881798356771469e-02
6.465833634138107300e-03
4.109446890652179718e-03
1.577652059495449066e-02
1.601836457848548889e-02
2.141723595559597015e-02
2.619313262403011322e-02
2.795503474771976471e-02
2.638586051762104034e-02
2.192375622689723969e-02
1.307291164994239807e-02
4.208219179417937994e-04
-1.701676519587635994e-03
-3.447885625064373016e-03
3.950827755033969879e-03
1.244637276977300644e-02
1.911219023168087006e-02
2.171951718628406525e-02
1.525539904832839966e-02
1.043395604938268661e-02
3.415453247725963593e-03
-3.775189630687236786e-03
-3.176991594955325127e-03
-2.769941464066505432e-03
2.229029545560479164e-03
7.883992977440357208e-03
8.689721114933490753e-03
1.378030702471733093e-02
6.590043194591999054e-03
3.184827277436852455e-03
1.827014377340674400e-03
-1.562095247209072113e-03
2.118596341460943222e-03
6.068340037018060684e-03
9.303948841989040375e-03
1.145419664680957794e-02
1.941744610667228699e-02
1.247709244489669800e-02
1.052995771169662476e-02
6.202786229550838470e-03
-5.406800657510757446e-03
-3.546162275597453117e-03
-3.261366859078407288e-03
-1.287072431296110153e-03
2.386417007073760033e-03
1.583372615277767181e-02
1.109820138663053513e-02
1.031696610152721405e-02
1.722701452672481537e-02
6.283567636273801327e-04
-3.943318501114845276e-03
-5.098047200590372086e-03
-1.257760822772979736e-02
-1.263800356537103653e-02
-1.664571813307702541e-03
-6.535852327942848206e-03
-4.807279910892248154e-03
1.020886562764644623e-02
-7.534853066317737103e-04
1.580294483574107289e-04
6.135703530162572861e-03
-7.422084454447031021e-04
-9.910902008414268494e-04
-5.509879556484520435e-04
-4.666260909289121628e-03
-8.767725899815559387e-03
-1.712839468382298946e-03
1.132589750341139734e-04
-7.636153604835271835e-04
7.448128424584865570e-03
3.212741808965802193e-03
3.101388458162546158e-03
6.615061312913894653e-03
1.682713191257789731e-04
-1.828595180995762348e-03
-2.810032456181943417e-04
-3.128701646346598864e-04
-2.734622918069362640e-03
7.531513692811131477e-04
1.537883537821471691e-03
1.260435208678245544e-03
3.413718892261385918e-03
-8.545204764232039452e-04
-1.479816972278058529e-03
-9.579854668118059635e-04
-1.285560429096221924e-03
-2.464689896441996098e-04
1.165946363471448421e-03
3.183950204402208328e-03
3.483977401629090309e-03
4.637442994862794876e-03
1.924894750118255615e-03
-2.496880246326327324e-03
-1.492248498834669590e-03
-3.174183191731572151e-03
-2.491033868864178658e-03
2.230726182460784912e-03
1.805656705982983112e-03
2.069366862997412682e-03
2.705638529732823372e-03
-4.562498652376234531e-04
-2.363909268751740456e-03
-1.007191254757344723e-03
-1.443218672648072243e-03
-2.542539965361356735e-03
-6.632990553043782711e-04
-5.805128021165728569e-04
-1.117704319767653942e-03
-1.094819963327609003e-04
-1.650108606554567814e-03
-2.041419968008995056e-03
-1.221516169607639313e-03
-2.287328708916902542e-03
-1.658143475651741028e-03
-9.579418110661208630e-04
-1.123693422414362431e-03
8.114158845273777843e-05
8.402436506003141403e-04
2.628567744977772236e-04
2.408656146144494414e-04
4.408567328937351704e-04
-5.708995740860700607e-04
-1.390877179801464081e-03
-7.173632620833814144e-04
-6.611364660784602165e-04
-7.601543329656124115e-04
7.519991486333310604e-04
9.513830300420522690e-04
8.321140776388347149e-04
1.204125350341200829e-03
3.947501245420426130e-04
3.117112210020422935e-04
5.212053656578063965e-04
2.764449454843997955e-04
1.248797052539885044e-04
9.086547652259469032e-05
3.806609311141073704e-05
-1.089354336727410555e-04
-7.857719538151286542e-06
-6.191063584992662072e-05
-1.217864992213435471e-04
-3.994911457994021475e-05
-4.178944800514727831e-05
-1.608278762432746589e-05
1.036436856338696089e-06
5.254116786090889946e-07
0.000000000000000000e+00
