-0.000000000000000000e+00
-6.247965211514383554e-05
-3.292504115961492062e-04
-1.719915308058261871e-04
2.369960770010948181e-03
-4.561346722766757011e-04
-7.695608772337436676e-03
1.231375790666788816e-04
2.445444697514176369e-03
2.990690700244158506e-04
3.397013526409864426e-03
-7.957872934639453888e-03
-4.807000048458576202e-03
1.883676974102854729e-03
9.675149340182542801e-05
8.419450372457504272e-03
-3.827396780252456665e-03
-1.081303041428327560e-02
1.710784249007701874e-02
2.190930023789405823e-02
-2.056001313030719757e-02
4.331419244408607483e-02
5.799392461776733398e-01
9.158354997634887695e-01
2.500933706760406494e-01
-1.569043099880218506e-01
-4.174807965755462646e-01
-8.782047033309936523e-01
-3.591609895229339600e-01
2.020902186632156372e-01
1.606971323490142822e-01
-2.648619711399078369e-01
-2.011752575635910034e-01
-4.616105183959007263e-02
-3.628847897052764893e-01
2.097767889499664307e-01
4.036876857280731201e-01
1.168057247996330261e-01
-1.970871537923812866e-01
-3.075076937675476074e-01
-1.603235304355621338e-01
-2.393100261688232422e-01
1.271956562995910645e-01
8.053825050592422485e-02
-9.348714351654052734e-02
-1.531015485525131226e-01
4.286340624094009399e-02
2.287098467350006104e-01
9.575045853853225708e-02
1.056204959750175476e-01
-6.667298823595046997e-02
-7.043545693159103394e-02
-4.907400533556938171e-02
6.682281941175460815e-02
6.905160844326019287e-02
2.348836883902549744e-02
2.610090561211109161e-02
-7.202845998108386993e-03
5.440751090645790100e-02
6.808772683143615723e-02
1.078852489590644836e-01
6.139982864260673523e-02
-7.498321123421192169e-03
-7.434917986392974854e-02
-1.755400747060775757e-02
9.481335990130901337e-03
7.346404343843460083e-02
8.833586424589157104e-02
5.293494462966918945e-02
5.730059742927551270e-02
4.665327072143554688e-02
6.861557811498641968e-02
3.020565025508403778e-02
5.389245972037315369e-02
-1.866457052528858185e-02
-9.184851660393178463e-05
3.281949087977409363e-02
1.787814684212207794e-02
5.888929963111877441e-02
3.640845045447349548e-02
3.043204359710216522e-02
2.928324975073337555e-02
5.268626660108566284e-02
3.541514649987220764e-02
3.842259570956230164e-02
3.462447971105575562e-02
-1.712345331907272339e-02
-5.146461538970470428e-03
8.184969425201416016e-03
2.038340549916028976e-03
3.296129032969474792e-02
3.653023391962051392e-02
2.139062620699405670e-02
2.346223965287208557e-02
2.768491394817829132e-02
1.340721920132637024e-02
1.402616221457719803e-02
2.313519828021526337e-02
-1.053377613425254822e-02
5.814496544189751148e-04
2.698486670851707458e-03
4.381963517516851425e-03
2.187223732471466064e-02
1.475152280181646347e-02
1.203363202512264252e-02
2.042464353144168854e-02
2.708866633474826813e-02
-1.917255576699972153e-03
2.665098058059811592e-03
9.467056952416896820e-03
-1.062373910099267960e-02
4.838208202272653580e-03
1.273216586560010910e-02
-6.604798603802919388e-03
7.887389510869979858e-03
9.461272507905960083e-03
-8.639080449938774109e-03
1.212835428304970264e-03
2.248203149065375328e-03
5.488159949891269207e-04
8.131730370223522186e-03
1.559445261955261230e-02
1.948678283952176571e-03
8.734278380870819092e-03
4.011485259979963303e-03
-9.468710049986839294e-03
9.220960550010204315e-03
1.164024230092763901e-03
1.803422695957124233e-03
1.274431683123111725e-02
1.445436850190162659e-02
-6.142648868262767792e-03
8.017125946935266256e-05
7.564182858914136887e-03
-1.954183541238307953e-02
5.661208182573318481e-03
2.121315337717533112e-03
-1.483763568103313446e-02
6.220781360752880573e-04
8.294309489428997040e-03
1.935049542225897312e-03
7.987332646735012531e-04
9.774143807590007782e-03
-1.664862036705017090e-02
-5.179101601243019104e-03
7.600437384098768234e-04
-1.393499970436096191e-02
5.714370869100093842e-03
2.161261625587940216e-03
-1.983859343454241753e-03
-2.379066427238285542e-05
5.921165458858013153e-03
7.185900467447936535e-04
1.678649568930268288e-03
9.447975084185600281e-03
-1.260339003056287766e-02
-1.182665210217237473e-02
-7.480069063603878021e-03
-2.052782848477363586e-02
-6.623308174312114716e-03
4.018210340291261673e-03
-3.059512935578823090e-03
6.447026971727609634e-03
1.466858200728893280e-02
6.525516975671052933e-03
3.381666727364063263e-03
3.590179374441504478e-03
-5.375956650823354721e-03
2.936968114227056503e-03
1.842790981754660606e-03
-1.299647614359855652e-02
2.535408828407526016e-03
1.136556034907698631e-03
-9.625552222132682800e-03
1.552039291709661484e-03
1.924107549712061882e-03
-4.846171010285615921e-03
7.449052762240171432e-03
7.880182005465030670e-03
-4.672145470976829529e-03
1.282388716936111450e-02
7.692697457969188690e-03
-1.286846026778221130e-02
2.057321602478623390e-03
1.789861125871539116e-03
-7.331199478358030319e-03
5.726074334233999252e-03
3.763025742955505848e-04
-1.342875137925148010e-02
1.557142473757266998e-03
3.421214176341891289e-03
-4.106493201106786728e-03
1.158156245946884155e-02
5.496896337717771530e-03
-7.135174237191677094e-03
9.392646024934947491e-04
-1.147492555901408195e-03
-5.652256775647401810e-03
4.876949358731508255e-03
7.239603437483310699e-03
-3.534758230671286583e-03
3.719056956470012665e-03
1.661797054111957550e-03
-9.570108726620674133e-03
1.009664381854236126e-03
-2.261826302856206894e-03
-1.128272432833909988e-02
-4.454059991985559464e-03
-2.007025759667158127e-03
-5.854542832821607590e-03
2.372910734266042709e-03
6.003186106681823730e-03
-4.890501499176025391e-03
8.762821089476346970e-04
3.169809060636907816e-04
-6.316928658634424210e-03
5.932765780016779900e-04
-1.680532586760818958e-03
-2.622137079015374184e-03
-1.121405803132802248e-04
5.761657375842332840e-04
7.982464157976210117e-04
2.473486820235848427e-03
5.198627244681119919e-03
-7.710334612056612968e-04
6.354128126986324787e-04
1.070829923264682293e-03
-2.910590264946222305e-03
9.872744558379054070e-04
-8.890430908650159836e-04
-1.580856391228735447e-03
1.199480466311797500e-04
-6.272217142395675182e-04
-5.941372946836054325e-04
-6.292916805250570178e-05
8.017182699404656887e-04
-6.233452004380524158e-04
2.162910823244601488e-04
6.653515738435089588e-04
1.280620635952800512e-04
8.506028680130839348e-04
2.904981083702296019e-04
-9.577463060850277543e-05
-5.421346941147930920e-05
-1.635456865187734365e-04
-6.763273850083351135e-04
-3.036067355424165726e-04
-7.171765901148319244e-05
-2.566272742114961147e-04
4.864265065407380462e-05
-2.697631862247362733e-05
-1.805822284950409085e-05
4.324760448071174324e-05
1.481895560573320836e-05
4.429048658494139090e-06
0.000000000000000000e+00
