0.000000000000000000e+00
-2.443925950501579791e-06
-2.528898476157337427e-04
2.289287476742174476e-05
-1.182565665658330545e-05
-3.783253720030188560e-03
2.086917083943262696e-04
3.972203005105257034e-03
6.572037818841636181e-04
2.842929447069764137e-03
-1.991790719330310822e-03
5.132895894348621368e-03
4.932553041726350784e-03
-7.921569980680942535e-03
-3.803529543802142143e-03
1.470360322855412960e-03
4.104570019990205765e-03
-9.544724598526954651e-03
1.094318758987355977e-05
1.510426029562950134e-02
-1.279263012111186981e-02
-2.405159175395965576e-03
1.844345033168792725e-02
-4.713463596999645233e-03
-8.617571555078029633e-03
2.546294964849948883e-02
1.568621210753917694e-02
6.258077919483184814e-02
4.225331842899322510e-01
6.410290598869323730e-01
3.364539444446563721e-01
-1.111150905489921570e-02
-3.739940822124481201e-01
-6.905021667480468750e-01
-6.108228564262390137e-01
-1.892841309309005737e-01
1.151750683784484863e-01
6.668801605701446533e-02
1.600045263767242432e-01
1.231852322816848755e-01
-3.584772115573287010e-03
7.420340180397033691e-02
5.139626190066337585e-02
-5.007572844624519348e-02
-2.550273239612579346e-01
-2.608847022056579590e-01
-2.006646245718002319e-01
-7.644338160753250122e-02
9.486119449138641357e-02
1.127741560339927673e-01
8.203415572643280029e-02
-2.656021527945995331e-02
1.216258760541677475e-02
1.914595626294612885e-02
3.801345825195312500e-02
2.956144511699676514e-02
-4.936119541525840759e-02
-5.941504985094070435e-02
-4.024687409400939941e-02
2.277075871825218201e-02
6.135760620236396790e-02
1.165806800127029419e-01
5.808815732598304749e-02
3.990952856838703156e-03
4.595860838890075684e-03
-1.296475622802972794e-02
-4.422281403094530106e-03
3.642595931887626648e-02
3.495917096734046936e-02
1.154395192861557007e-02
4.789362102746963501e-02
4.759507998824119568e-02
4.676514863967895508e-02
4.364543408155441284e-02
2.089887671172618866e-02
-7.542749401181936264e-03
1.055355463176965714e-02
2.499020099639892578e-02
4.858369752764701843e-02
6.417691707611083984e-02
3.313806653022766113e-02
3.905533254146575928e-02
2.691766992211341858e-02
1.763399131596088409e-02
2.254573069512844086e-02
3.286314010620117188e-02
4.593846853822469711e-03
-3.154136706143617630e-03
2.329434268176555634e-02
1.105138566344976425e-02
2.818874083459377289e-02
4.167777299880981445e-02
2.322913706302642822e-02
1.531305909156799316e-02
2.142317779362201691e-02
1.272922474890947342e-02
7.635508198291063309e-03
2.568173781037330627e-02
1.726144365966320038e-02
3.116026986390352249e-03
1.953448355197906494e-02
1.242596469819545746e-02
1.470267213881015778e-02
2.583077736198902130e-02
1.270814519375562668e-02
1.371810026466846466e-02
1.471849624067544937e-02
1.369076315313577652e-02
1.256339531391859055e-02
1.672846265137195587e-02
1.169826276600360870e-02
1.130641065537929535e-02
2.040543779730796814e-02
6.044357083737850189e-03
7.283991668373346329e-03
1.969011314213275909e-02
7.096512708812952042e-03
4.635516554117202759e-03
1.503855269402265549e-02
3.611739026382565498e-03
5.561229772865772247e-04
1.100770197808742523e-02
1.384869567118585110e-03
-6.554129999130964279e-03
8.594371378421783447e-03
4.995890893042087555e-03
2.693793212529271841e-04
1.581281051039695740e-02
8.604966104030609131e-03
3.445412439759820700e-04
1.645271433517336845e-03
-2.735754707828164101e-03
-6.550773396156728268e-04
1.253465656191110611e-02
8.749516680836677551e-03
1.138864085078239441e-02
2.492209523916244507e-02
2.359559293836355209e-03
-3.290211781859397888e-03
1.588007085956633091e-03
-1.508283708244562149e-02
-1.436095871031284332e-02
-7.592728361487388611e-04
-2.140441210940480232e-03
-1.100563793443143368e-03
1.741722598671913147e-02
1.262823399156332016e-02
1.026771590113639832e-02
1.385335344821214676e-02
-3.746814094483852386e-03
-5.051059648394584656e-03
-4.924397449940443039e-03
-1.031967438757419586e-02
-5.574666429311037064e-03
2.814493840560317039e-03
-1.188012611237354577e-04
3.961341921240091324e-03
1.751456409692764282e-02
-6.716154748573899269e-04
1.090474892407655716e-03
5.655225366353988647e-03
-1.921244524419307709e-02
-1.508498098701238632e-02
-6.139734294265508652e-03
-8.229056373238563538e-03
-4.879096988588571548e-03
5.949666723608970642e-03
3.075697459280490875e-03
9.887146297842264175e-04
1.558615546673536301e-02
-1.694290898740291595e-03
-5.430211313068866730e-03
7.715934421867132187e-03
-9.493454359471797943e-03
-9.270023554563522339e-03
2.674837014637887478e-04
-4.329832736402750015e-03
-3.170147771015763283e-03
4.951616749167442322e-03
3.400076180696487427e-03
-9.246630943380296230e-04
8.653347380459308624e-03
5.880324635654687881e-03
2.163771307095885277e-03
6.743588484823703766e-03
-1.378577668219804764e-03
-9.578934987075626850e-04
5.628444720059633255e-03
-5.761174834333360195e-04
1.055745175108313560e-03
8.839491754770278931e-03
-1.099639106541872025e-03
1.406995579600334167e-04
6.225808989256620407e-03
-5.466759204864501953e-03
-3.256000112742185593e-03
-1.431971322745084763e-03
-9.177229367196559906e-03
-5.974582862108945847e-03
1.696811290457844734e-03
-1.215127762407064438e-03
-2.907146932557225227e-03
6.237098947167396545e-03
9.548465022817254066e-04
-2.074896590784192085e-03
1.991126919165253639e-03
-3.909963183104991913e-03
-1.940115704201161861e-03
1.471130410209298134e-03
1.226046588271856308e-04
2.310622017830610275e-03
4.734844435006380081e-03
7.486977847293019295e-05
-2.625078428536653519e-03
-3.063488111365586519e-05
-4.582773428410291672e-03
-3.766846610233187675e-03
1.199472171720117331e-04
-2.328208647668361664e-03
-1.125925336964428425e-03
2.769791171886026859e-04
-5.852025351487100124e-04
-2.119372220477089286e-04
1.465584500692784786e-03
8.911767508834600449e-05
-1.331640756689012051e-03
1.614360517123714089e-04
-1.849755877628922462e-03
-1.352940569631755352e-03
5.942418938502669334e-04
-7.752121891826391220e-04
1.511153823230415583e-04
5.296597373671829700e-04
-6.023477180860936642e-04
6.138614116935059428e-05
1.034615212120115757e-03
1.611970801604911685e-04
-2.017293591052293777e-04
5.078425747342407703e-04
-4.132393951294943690e-05
1.304672332480549812e-04
4.416356387082487345e-04
-1.703382149571552873e-04
-8.257791341748088598e-05
1.889605191536247730e-04
-1.012462671496905386e-04
-6.650022260146215558e-05
1.681561261648312211e-04
9.134600077231880277e-06
1.940537731570657343e-05
2.785138167382683605e-05
-4.465542224352248013e-05
-2.963645783893298358e-05
-1.060099930327851325e-05
-2.264523345729685389e-06
-0.000000000000000000e+00
