-0.000000000000000000e+00
-4.100925707462010905e-06
2.168884966522455215e-04
6.850127247162163258e-04
-2.972269139718264341e-04
-1.325904449913650751e-04
-2.200590242864564061e-04
-4.444620106369256973e-03
-2.603456843644380569e-03
1.031760359182953835e-03
-7.404172210954129696e-04
-2.649772679433226585e-03
1.077191191143356264e-04
3.456085454672574997e-03
6.076048011891543865e-04
-2.218197565525770187e-03
3.344254568219184875e-03
6.634513847529888153e-03
-4.873861093074083328e-03
-2.310599200427532196e-03
5.994310602545738220e-03
-3.972878213971853256e-03
-7.960325106978416443e-03
3.053291700780391693e-03
7.228602189570665359e-03
-1.462041586637496948e-02
-8.840076625347137451e-03
8.321416378021240234e-02
3.763487040996551514e-01
6.149827241897583008e-01
3.762072324752807617e-01
3.263151273131370544e-02
-3.101049363613128662e-01
-6.780319213867187500e-01
-6.055824756622314453e-01
-2.365127652883529663e-01
2.394036576151847839e-02
1.037999689579010010e-01
2.257520556449890137e-01
1.529633253812789917e-01
-1.284088101238012314e-02
1.050777882337570190e-01
2.844171784818172455e-02
-1.330164372920989990e-01
-2.021891176700592041e-01
-2.601625323295593262e-01
-2.586656808853149414e-01
-8.533819764852523804e-02
1.326188594102859497e-01
1.490014493465423584e-01
1.458202451467514038e-01
2.544752694666385651e-02
-4.950108006596565247e-02
-4.078450053930282593e-02
-1.839066296815872192e-02
5.853036884218454361e-03
-1.896724477410316467e-02
-9.197508916258811951e-03
-3.362312912940979004e-02
1.838611066341400146e-02
5.851703137159347534e-02
8.288677781820297241e-02
7.476621121168136597e-02
2.593777701258659363e-02
-1.696494594216346741e-02
-4.023078456521034241e-02
2.978868084028363228e-03
2.759911678731441498e-02
6.097105145454406738e-02
6.347237527370452881e-02
5.256529152393341064e-02
2.672792412340641022e-02
2.158519998192787170e-02
2.533142082393169403e-02
8.555458858609199524e-03
1.786076650023460388e-02
1.409607846289873123e-02
1.587727665901184082e-02
4.359696805477142334e-02
7.062371075153350830e-02
5.786998569965362549e-02
5.485692620277404785e-02
2.421011216938495636e-02
-9.323180653154850006e-03
-1.960316905751824379e-03
-2.471476327627897263e-03
7.277606986463069916e-03
2.404015697538852692e-02
3.211654350161552429e-02
2.821798622608184814e-02
4.192434996366500854e-02
3.660226613283157349e-02
2.141546271741390228e-02
2.321417815983295441e-02
5.138815380632877350e-03
-6.405440159142017365e-03
5.565923172980546951e-03
9.426583535969257355e-03
1.279214955866336823e-02
3.354879468679428101e-02
2.970786765217781067e-02
1.268955226987600327e-02
1.882847771048545837e-02
1.745965145528316498e-02
3.658011788502335548e-03
1.363905705511569977e-02
1.898318901658058167e-02
6.819125730544328690e-03
1.675206795334815979e-02
1.953569240868091583e-02
6.593306083232164383e-03
1.329604350030422211e-02
1.361401099711656570e-02
2.632402582094073296e-03
6.974196992814540863e-03
8.376350626349449158e-03
8.797190152108669281e-03
1.843316853046417236e-02
1.702738553285598755e-02
5.841978825628757477e-03
5.923632532358169556e-03
1.760956947691738605e-03
-7.461486849933862686e-03
1.622082316316664219e-03
5.846460349857807159e-03
5.468347226269543171e-04
3.889288054779171944e-03
5.998628679662942886e-03
-1.220808364450931549e-03
6.773856002837419510e-03
1.071964111179113388e-02
1.036530942656099796e-03
1.008900348097085953e-02
9.715750813484191895e-03
3.914360888302326202e-03
7.373883854597806931e-03
9.606249630451202393e-03
5.402575246989727020e-03
7.245359010994434357e-03
8.729215711355209351e-03
-4.067022819072008133e-03
1.258901436813175678e-03
-2.661825390532612801e-03
-9.235314093530178070e-03
1.449458766728639603e-03
-6.386704626493155956e-04
-1.156153390184044838e-03
9.515479207038879395e-03
1.440751086920499802e-02
8.710196241736412048e-03
1.362148113548755646e-02
1.048984192311763763e-02
-6.859283428639173508e-03
-3.697841195389628410e-03
-4.368085879832506180e-03
-1.309829764068126678e-02
-9.802875574678182602e-04
5.220148712396621704e-03
-1.372634724248200655e-04
1.830441411584615707e-03
3.318746341392397881e-03
-3.893677378073334694e-03
-6.242445670068264008e-03
-2.142767421901226044e-03
-1.186482142657041550e-02
-5.785144399851560593e-03
1.016794194583781064e-04
-9.513803757727146149e-03
-2.164838835597038269e-03
-5.567122570937499404e-06
3.442654633545316756e-05
4.983996041119098663e-03
6.227239500731229782e-03
2.676829928532242775e-03
4.193542059510946274e-03
4.028879106044769287e-03
-7.797239813953638077e-03
-1.890514162369072437e-03
-1.518538047093898058e-04
-6.210395134985446930e-03
3.924636635929346085e-03
5.033688619732856750e-03
-3.826509055215865374e-04
6.666450761258602142e-03
9.292817674577236176e-03
2.955845789983868599e-03
4.878043662756681442e-03
3.639598609879612923e-03
-3.331710351631045341e-03
-7.015513256192207336e-04
2.724397229030728340e-03
1.270965440198779106e-03
1.853173715062439442e-03
3.227565670385956764e-03
-9.085854399017989635e-04
-3.299182280898094177e-03
-2.168269129469990730e-03
-7.233904674649238586e-03
-4.785062745213508606e-03
-6.917937425896525383e-04
-2.644222928211092949e-03
1.330973114818334579e-03
1.576970564201474190e-03
1.083075858332449570e-06
9.680655202828347683e-04
1.472243107855319977e-03
-2.789181657135486603e-03
-2.843005815520882607e-03
1.337593421339988708e-03
-2.403514226898550987e-03
1.362871145829558372e-03
4.078055266290903091e-03
1.428291725460439920e-04
8.960243430919945240e-04
1.025414239848032594e-04
-3.901612246409058571e-03
-3.795885015279054642e-03
-1.017923350445926189e-03
-3.001912962645292282e-03
-2.316113968845456839e-04
1.372782280668616295e-03
-2.130334964022040367e-03
3.528103407006710768e-04
2.911380724981427193e-04
-1.274195034056901932e-03
-2.356426120968535542e-04
-6.384229636751115322e-04
-1.446604612283408642e-03
-1.240316545590758324e-03
3.055319539271295071e-04
-3.143845824524760246e-04
-1.209424517583101988e-04
1.341394381597638130e-03
2.527658361941576004e-04
2.224690979346632957e-04
3.823453444056212902e-04
-1.805785141186788678e-04
1.574898851686157286e-05
4.014989099232479930e-05
-8.908379095373675227e-05
1.020313138724304736e-04
3.913276304956525564e-04
1.374102139379829168e-04
-5.949895785306580365e-05
-5.695389972970588133e-06
-1.864623300207313150e-05
-3.903622564394026995e-05
-3.057000867556780577e-06
-1.585591417097020894e-05
-3.209108763257972896e-05
1.520768637419678271e-05
-3.431034201639704406e-05
-1.933054409164469689e-05
-2.149888132407795638e-06
-3.007412487932015210e-06
0.000000000000000000e+00
