-0.000000000000000000e+00
-6.478667637566104531e-05
-6.527166697196662426e-04
-1.074059051461517811e-03
1.430938835255801678e-03
-2.207044046372175217e-03
-4.636303056031465530e-03
8.430708199739456177e-03
-3.495854325592517853e-03
-5.111712031066417694e-03
1.378875225782394409e-02
-4.932908341288566589e-03
-6.451053544878959656e-03
8.237340487539768219e-03
-7.660143077373504639e-03
-5.876885727047920227e-03
9.995773434638977051e-03
-4.288694355636835098e-03
-4.238723311573266983e-03
9.236965328454971313e-03
-1.322519779205322266e-02
-1.008904189802706242e-03
3.247635662555694580e-01
8.197348713874816895e-01
5.702230334281921387e-01
-1.731197535991668701e-02
-2.657703459262847900e-01
-6.979982852935791016e-01
-5.676598548889160156e-01
-3.920151665806770325e-02
1.891903765499591827e-02
-1.103693246841430664e-01
-1.914482265710830688e-01
-3.200979530811309814e-02
-1.784887313842773438e-01
1.051606312394142151e-01
5.100733637809753418e-01
1.499810069799423218e-01
-1.115065738558769226e-01
-3.418002724647521973e-01
-4.833719730377197266e-01
-3.349975347518920898e-01
1.093821600079536438e-01
1.080324277281761169e-01
4.056211560964584351e-02
1.190100014209747314e-01
2.115112729370594025e-02
1.421176940202713013e-01
6.847643852233886719e-02
-1.114596612751483917e-02
-1.051048710942268372e-01
-1.959626376628875732e-02
-6.972280889749526978e-02
-1.303182821720838547e-02
9.233278036117553711e-02
3.427285701036453247e-02
1.270512789487838745e-01
2.446418814361095428e-02
5.177783593535423279e-02
-1.147317048162221909e-02
7.677099108695983887e-02
4.556852206587791443e-02
2.336186729371547699e-02
1.792474277317523956e-02
-5.606265366077423096e-02
4.309033229947090149e-02
1.808134838938713074e-02
9.746216982603073120e-02
3.423699736595153809e-02
6.880979984998703003e-02
4.301559180021286011e-02
4.690007492899894714e-02
5.753952637314796448e-02
2.154285460710525513e-02
4.181229695677757263e-02
-5.572981201112270355e-03
3.405829891562461853e-02
-2.354017458856105804e-02
1.478110998868942261e-02
3.591504693031311035e-02
5.420866608619689941e-02
6.393222510814666748e-02
6.765742599964141846e-02
2.931530959904193878e-02
1.447808090597391129e-02
4.328816011548042297e-02
-1.246347371488809586e-02
9.975122287869453430e-03
-4.213269799947738647e-03
-6.806137505918741226e-03
4.501900169998407364e-03
4.356733709573745728e-02
1.933005265891551971e-02
2.840627357363700867e-02
5.066705495119094849e-02
8.581086061894893646e-03
2.253698185086250305e-02
1.259052380919456482e-02
5.647435318678617477e-04
-6.169169675558805466e-03
1.250872202217578888e-02
-1.292523648589849472e-02
2.306687878444790840e-03
2.865546196699142456e-02
9.643485769629478455e-03
2.603768929839134216e-02
2.945935167372226715e-02
6.476243957877159119e-03
3.191851079463958740e-03
1.234272960573434830e-02
-7.560938596725463867e-03
-1.853346941061317921e-03
7.837889716029167175e-03
-9.407308883965015411e-03
-6.526101380586624146e-03
1.113658305257558823e-02
-1.151587534695863724e-02
9.681687690317630768e-03
1.754663512110710144e-02
-3.275199793279170990e-03
1.016790978610515594e-02
-9.634004090912640095e-04
-3.684374096337705851e-04
4.375209100544452667e-03
1.614645309746265411e-02
-8.528429083526134491e-03
4.754346329718828201e-03
1.720261014997959137e-02
-1.132093556225299835e-02
1.510285120457410812e-02
1.146949641406536102e-02
-9.903939208015799522e-04
2.463729586452245712e-03
1.098966412246227264e-02
-1.062099356204271317e-02
-9.846607223153114319e-03
1.067693065851926804e-02
-1.782821305096149445e-02
-1.168882125057280064e-03
6.390640046447515488e-03
-1.195498928427696228e-02
5.552554503083229065e-03
1.116143446415662766e-02
-3.528317902237176895e-03
5.200985819101333618e-03
1.237001270055770874e-02
-9.351354092359542847e-03
-4.197215195745229721e-03
7.424069102853536606e-03
-1.080509461462497711e-02
-3.445354755967855453e-03
8.979205042123794556e-03
-1.162334159016609192e-02
-7.910507265478372574e-04
1.411052048206329346e-02
-7.294123526662588120e-03
-4.890738986432552338e-03
6.433012429624795914e-03
-1.661593094468116760e-02
-1.387021318078041077e-02
3.251939546316862106e-03
-1.752105168998241425e-02
1.534064067527651787e-03
1.495722122490406036e-02
-3.998271655291318893e-03
1.174626406282186508e-02
1.482165884226560593e-02
-1.479591242969036102e-03
1.977477455511689186e-03
9.897902607917785645e-03
-1.065459381788969040e-02
-1.037954352796077728e-02
7.694156374782323837e-04
-1.354429312050342560e-02
-3.158641513437032700e-03
4.725329577922821045e-03
-5.806996021419763565e-03
1.560807460919022560e-03
9.180535562336444855e-03
4.673312650993466377e-04
5.615897476673126221e-03
1.459846459329128265e-02
1.432532561011612415e-03
-4.499683622270822525e-03
1.670681056566536427e-03
-4.683814011514186859e-03
-3.863936290144920349e-03
7.839151658117771149e-03
-3.751644166186451912e-03
-6.146357394754886627e-03
7.166373077780008316e-03
-4.329035058617591858e-03
-1.276978990063071251e-03
1.148891728371381760e-02
-3.345338860526680946e-03
-5.695645697414875031e-03
2.749061604845337570e-05
-6.939500104635953903e-03
-4.612381162587553263e-04
1.001610606908798218e-02
2.213553991168737411e-03
-1.567935105413198471e-03
2.865930320695042610e-03
-6.859632674604654312e-03
-6.343929562717676163e-03
2.331109950318932533e-03
-5.596370436251163483e-03
-5.521566141396760941e-03
-4.714967144536785781e-05
-4.772590007632970810e-03
-3.294272581115365028e-03
3.526841057464480400e-03
-8.439416997134685516e-04
-2.455693669617176056e-03
2.360498998314142227e-03
-3.944734577089548111e-03
-2.733894158154726028e-03
1.868357183411717415e-03
-3.547494998201727867e-03
-9.648429113440215588e-04
1.354766311123967171e-03
-4.918123595416545868e-04
1.801473437808454037e-03
3.654163097962737083e-03
2.679436234757304192e-03
8.459726232104003429e-04
1.203998574055731297e-03
-1.345681026577949524e-03
-2.373133320361375809e-03
1.213776704389601946e-04
-1.965338364243507385e-03
-1.196281285956501961e-03
7.225595763884484768e-04
-5.877970834262669086e-04
2.454015339026227593e-05
8.820272050797939301e-04
3.285096900071948767e-04
4.020586743536114227e-07
5.207751528359949589e-04
-1.510046422481536865e-04
-8.533676736988127232e-05
6.692385650239884853e-04
-6.578223747055744752e-06
-2.222188413725234568e-05
3.134556754957884550e-05
-4.253161314409226179e-04
-4.717144183814525604e-04
-2.907722082454711199e-04
-2.136392722604796290e-04
-1.020450581563636661e-04
2.407021383987739682e-05
4.319751496950630099e-06
1.736364538373891264e-05
2.851921817637048662e-05
4.786979843629524112e-06
0.000000000000000000e+00
