0.000000000000000000e+00
3.028563469342770986e-06
2.385993575444445014e-04
1.471352763473987579e-03
1.411537290550768375e-03
-1.962136244401335716e-03
8.939850958995521069e-04
2.448331564664840698e-03
-6.043795030564069748e-03
1.592375338077545166e-03
3.636039560660719872e-03
-6.620972417294979095e-03
-2.434822497889399529e-03
-2.261875895783305168e-03
-7.971553131937980652e-04
2.102639060467481613e-03
2.266968833282589912e-03
5.247456021606922150e-03
-1.469708280637860298e-03
3.428807249292731285e-04
3.591763321310281754e-03
-2.308097202330827713e-03
-9.029667126014828682e-05
2.789339981973171234e-03
-2.172546461224555969e-03
-2.354635857045650482e-03
2.673963783308863640e-03
-5.100902635604143143e-03
-3.138053230941295624e-03
5.950207356363534927e-03
-3.750456264242529869e-03
6.848234334029257298e-04
1.275894511491060257e-02
2.488840185105800629e-02
1.722264289855957031e-01
3.395429551601409912e-01
2.528701126575469971e-01
1.336961537599563599e-01
-2.374226413667201996e-02
-3.131151795387268066e-01
-4.100007116794586182e-01
-2.540028095245361328e-01
-1.411732751876115799e-02
1.046418398618698120e-02
2.999051287770271301e-02
1.041469424962997437e-01
-1.569606829434633255e-03
8.550558122806251049e-04
5.280684307217597961e-02
1.293754554353654385e-03
-1.317866593599319458e-01
-1.298563480377197266e-01
-7.567841559648513794e-02
-9.696841984987258911e-02
-2.110308967530727386e-02
4.023811966180801392e-02
3.876948356628417969e-02
-1.478569395840167999e-02
1.321324519813060760e-02
3.100155666470527649e-02
2.937033772468566895e-02
6.096953898668289185e-02
1.424371451139450073e-02
-3.758722543716430664e-02
-4.540629684925079346e-02
-1.379669830203056335e-02
-1.905453205108642578e-02
3.059068403672426939e-04
1.740302890539169312e-02
5.981121212244033813e-03
1.587532088160514832e-02
3.425986319780349731e-02
2.492460794746875763e-02
1.247615646570920944e-02
2.500222064554691315e-02
-1.050126086920499802e-02
-2.320448122918605804e-02
-9.454583749175071716e-03
7.156071253120899200e-03
3.727073967456817627e-02
5.127583444118499756e-02
4.632322117686271667e-02
4.441719129681587219e-02
4.644452407956123352e-02
3.105156868696212769e-02
2.887627109885215759e-02
1.700307987630367279e-02
-3.150559263303875923e-03
1.486954395659267902e-03
1.206575147807598114e-02
2.449412271380424500e-02
2.923385798931121826e-02
3.701817989349365234e-02
3.706860542297363281e-02
3.062639012932777405e-02
3.524929285049438477e-02
2.307831682264804840e-02
2.002932690083980560e-02
1.287685614079236984e-02
-1.323509379290044308e-03
2.048696624115109444e-03
5.482808686792850494e-03
1.358701009303331375e-02
2.511214092373847961e-02
3.225449472665786743e-02
3.150233998894691467e-02
3.088320046663284302e-02
2.428679354488849640e-02
1.527274679392576218e-02
1.377146504819393158e-02
9.284055791795253754e-03
2.792887389659881592e-03
1.004011742770671844e-02
1.482813246548175812e-02
1.093742158263921738e-02
2.368473075330257416e-02
3.027643077075481415e-02
2.509135566651821136e-02
2.881083078682422638e-02
2.282111346721649170e-02
8.741119876503944397e-03
6.851164624094963074e-03
1.359542249701917171e-03
-1.430374803021550179e-03
4.516577348113059998e-03
8.059531450271606445e-03
9.856221266090869904e-03
1.273173466324806213e-02
1.777074672281742096e-02
1.093365531414747238e-02
1.508657447993755341e-02
1.168990693986415863e-02
-7.169547025114297867e-03
-7.883452810347080231e-03
-1.030316296964883804e-02
-7.221780251711606979e-03
-2.847071504220366478e-03
7.211048156023025513e-03
1.319393143057823181e-02
1.344693079590797424e-02
2.066279761493206024e-02
1.000432483851909637e-02
1.244037412106990814e-02
7.855781354010105133e-03
-6.154119037091732025e-04
4.087502136826515198e-03
-4.733833018690347672e-03
-3.119138767942786217e-03
2.395584946498274803e-03
9.159551002085208893e-03
9.286445565521717072e-03
1.540751289576292038e-02
2.127342857420444489e-02
4.942567553371191025e-03
4.262734204530715942e-03
-1.172139425761997700e-03
-1.182954479008913040e-02
-5.256239324808120728e-03
5.820533624500967562e-05
1.458785496652126312e-03
5.745779257267713547e-03
1.038321945816278458e-02
-1.634691871004179120e-04
-4.518392961472272873e-03
3.901733318343758583e-03
-9.112494997680187225e-03
-1.165411155670881271e-02
-2.421728568151593208e-03
-1.114710606634616852e-02
-2.361345104873180389e-03
2.333744894713163376e-03
-6.219083908945322037e-03
-2.202669624239206314e-03
2.560194814577698708e-03
4.748789651785045862e-04
-1.125332084484398365e-03
7.411292754113674164e-03
1.222103368490934372e-03
-1.324507524259388447e-03
4.772260785102844238e-03
-2.419983502477407455e-03
-5.760940839536488056e-04
2.787761623039841652e-03
1.988687785342335701e-03
3.865053178742527962e-03
4.610564559698104858e-03
1.129910699091851711e-03
2.043919172137975693e-03
3.944637719541788101e-03
-5.024328827857971191e-03
-4.978791810572147369e-03
-1.693932688795030117e-03
-5.138600245118141174e-03
1.648431643843650818e-03
3.441873006522655487e-03
-2.662429760675877333e-04
4.385267384350299835e-03
4.718469921499490738e-03
2.848501317203044891e-03
4.632650874555110931e-03
2.877458231523633003e-03
-4.184775520116090775e-03
-4.610537085682153702e-03
-4.518199246376752853e-03
-5.591922905296087265e-03
2.137240022420883179e-03
3.789763897657394409e-03
1.995337894186377525e-03
3.361183684319257736e-03
2.205041004344820976e-03
-9.432968363398686051e-05
-3.663624520413577557e-04
-1.719356747344136238e-03
-4.518612753599882126e-03
-1.282210345380008221e-03
-4.267633485142141581e-04
-1.681992202065885067e-03
1.192494295537471771e-03
1.333321706624701619e-04
-2.139654476195573807e-03
-1.205824897624552250e-03
-1.516688847914338112e-03
-3.426860552281141281e-03
-1.594639732502400875e-03
5.051551270298659801e-04
-1.141861663199961185e-03
1.531651505501940846e-04
1.292122527956962585e-03
-6.299188244156539440e-04
-6.594071746803820133e-04
-9.484504698775708675e-05
-7.938096532598137856e-04
-9.776932420209050179e-04
-3.446856280788779259e-04
-5.605869228020310402e-04
2.171730302507057786e-04
1.159257604740560055e-03
5.677604931406676769e-04
6.274765473790466785e-04
7.972243474796414375e-04
4.921036306768655777e-04
3.901984309777617455e-04
3.072308609262108803e-04
7.015214578132145107e-06
-1.425042319169733673e-05
1.140495660365559161e-04
-4.641569466912187636e-05
-4.673433431889861822e-05
-2.075781776511576027e-05
-8.476779476040974259e-05
-3.463422035565599799e-05
2.278186002513393760e-06
-1.082462631529779173e-06
3.023891395059763454e-06
1.114563701776205562e-06
0.000000000000000000e+00
