0.000000000000000000e+00
3.807820030488073826e-05
2.200257586082443595e-04
-2.547981275711208582e-04
-1.262291450984776020e-03
8.629856165498495102e-04
-4.540321533568203449e-04
-2.281192690134048462e-03
2.632912946864962578e-03
2.610502997413277626e-03
1.024058437906205654e-03
-3.127639647573232651e-03
-6.482615135610103607e-04
4.797174129635095596e-03
1.557871350087225437e-03
1.254833536222577095e-03
-1.811885973438620567e-03
4.102929495275020599e-03
1.418720465153455734e-03
-6.397981196641921997e-03
6.654509808868169785e-03
-2.195388544350862503e-03
-4.789485596120357513e-03
4.386372864246368408e-03
-3.896530019119381905e-03
2.373731331317685544e-05
3.023918252438306808e-03
2.302665030583739281e-03
-1.245166175067424774e-03
-9.993802523240447044e-04
1.657095970585942268e-03
-6.299403030425310135e-03
-5.696577136404812336e-04
1.665987219894304872e-04
-6.466615013778209686e-03
9.695494663901627064e-04
3.711292287334799767e-03
-2.708508167415857315e-03
4.128783941268920898e-03
1.459621172398328781e-02
4.873084649443626404e-02
1.386442333459854126e-01
1.814411282539367676e-01
1.474463343620300293e-01
8.425365388393402100e-02
-4.161003977060317993e-02
-1.832835823297500610e-01
-2.140077650547027588e-01
-1.217979863286018372e-01
-5.167003348469734192e-02
-6.846261210739612579e-03
4.850306734442710876e-02
2.288688160479068756e-02
-1.596525311470031738e-02
1.803010702133178711e-02
5.403224006295204163e-02
4.194901138544082642e-02
3.435780853033065796e-02
1.264207344502210617e-02
-4.294965416193008423e-02
-8.662856370210647583e-02
-1.031193360686302185e-01
-8.858167380094528198e-02
-7.587943226099014282e-02
-3.966709971427917480e-02
5.226985551416873932e-03
2.615181170403957367e-02
2.398211695253849030e-02
8.779430761933326721e-03
-2.092416770756244659e-02
-6.148757413029670715e-02
-4.845160990953445435e-02
-1.871079765260219574e-02
1.216353476047515869e-02
3.312594443559646606e-02
1.542133837938308716e-02
-5.717976484447717667e-03
6.965266074985265732e-03
1.678746938705444336e-02
1.827963814139366150e-02
2.669025585055351257e-02
8.350502699613571167e-03
9.492832235991954803e-03
5.875941133126616478e-04
6.016808561980724335e-03
1.966788247227668762e-02
1.921559870243072510e-02
3.511924296617507935e-02
3.277880698442459106e-02
2.786478213965892792e-02
2.304460294544696808e-02
3.553443774580955505e-02
2.717577479779720306e-02
1.892008259892463684e-02
2.356858365237712860e-02
2.026592940092086792e-02
2.224758826196193695e-02
2.944110333919525146e-02
3.475430607795715332e-02
2.264383435249328613e-02
2.921180799603462219e-02
2.488827891647815704e-02
2.413536794483661652e-02
2.357806824147701263e-02
2.276584878563880920e-02
1.887398771941661835e-02
9.207638911902904510e-03
1.890837028622627258e-02
1.119564659893512726e-02
1.722404733300209045e-02
2.789972908794879913e-02
2.245439589023590088e-02
1.964623667299747467e-02
2.586683630943298340e-02
2.127831242978572845e-02
2.093016542494297028e-02
3.072247840464115143e-02
2.197312004864215851e-02
1.622450165450572968e-02
1.604515127837657928e-02
8.962684310972690582e-03
2.142882673069834709e-03
7.225265726447105408e-03
1.278238557279109955e-02
1.766188256442546844e-02
2.617355249822139740e-02
3.603314608335494995e-02
2.524756640195846558e-02
1.458941213786602020e-02
5.646529141813516617e-03
-1.334109809249639511e-02
-3.648314159363508224e-03
3.792786970734596252e-03
1.148804929107427597e-02
2.523229829967021942e-02
2.449012733995914459e-02
1.893658377230167389e-02
1.190033275634050369e-02
6.804286967962980270e-03
3.895094559993594885e-04
-1.103093614801764488e-03
3.395952517166733742e-03
5.379827693104743958e-03
3.091452410444617271e-03
3.372555365785956383e-03
7.598458789288997650e-03
7.918050512671470642e-03
9.972829371690750122e-03
1.103248354047536850e-02
3.826835425570607185e-03
-3.770783310756087303e-03
-5.412098020315170288e-03
1.326670870184898376e-03
-2.031380077823996544e-03
6.934645352885127068e-04
1.259425282478332520e-02
1.349855773150920868e-02
1.199289038777351379e-02
2.731019631028175354e-03
2.476653549820184708e-03
-3.381742397323250771e-03
-5.981565453112125397e-03
5.113081540912389755e-03
-1.852555084042251110e-03
3.586791353882290423e-05
5.376547574996948242e-03
5.938027519732713699e-03
1.372501370497047901e-03
-4.978690296411514282e-03
1.989743672311306000e-03
-6.869228091090917587e-03
-4.514802247285842896e-03
8.237143047153949738e-04
-4.433583468198776245e-03
2.324024681001901627e-03
-3.333795175421983004e-04
8.559370762668550014e-04
-6.564264185726642609e-03
-1.010475959628820419e-02
-1.922027789987623692e-03
-3.905579913407564163e-03
1.511276233941316605e-03
5.895756650716066360e-03
3.518738783895969391e-03
4.658092744648456573e-03
6.157665979117155075e-03
1.220017555169761181e-03
-4.743059980683028698e-05
1.985769253224134445e-03
6.522289477288722992e-04
1.879942486993968487e-03
6.056061014533042908e-03
2.480396302416920662e-03
8.574837120249867439e-04
2.253266517072916031e-03
-2.279596403241157532e-03
-3.303446574136614799e-03
-3.510350827127695084e-03
-2.802873961627483368e-03
-5.850111134350299835e-03
-3.428756957873702049e-03
7.357993745245039463e-04
6.033065728843212128e-04
5.553946830332279205e-03
4.361852072179317474e-03
3.151269163936376572e-03
3.007244318723678589e-03
-1.549014239571988583e-03
-3.390695434063673019e-03
-3.200101666152477264e-03
-1.849520718678832054e-03
-1.674964325502514839e-03
-8.359496714547276497e-04
1.297266106121242046e-03
-5.572274312726221979e-05
8.813210297375917435e-04
2.059661783277988434e-03
1.385478302836418152e-03
2.583251625765115023e-04
-2.432481123832985759e-04
-3.649292630143463612e-04
-2.464028308168053627e-03
-1.550886197946965694e-03
-1.554147922433912754e-03
-2.559677930548787117e-03
-2.394779818132519722e-03
-1.597623573616147041e-03
-4.130959860049188137e-05
2.895802026614546776e-04
6.863737944513559341e-04
4.001854977104812860e-04
5.498287500813603401e-04
1.239957491634413600e-04
-4.305088950786739588e-04
1.501411752542480826e-04
-9.312042966485023499e-04
-5.396813503466546535e-04
3.368494217284023762e-04
-1.870576088549569249e-04
1.286788465222343802e-04
1.129577140090987086e-04
4.494610475376248360e-04
4.295585385989397764e-04
2.887278387788683176e-04
4.429665568750351667e-04
1.457488451706012711e-05
6.436138210119679570e-05
1.388893451803596690e-05
-6.361483247019350529e-05
-1.774934025888796896e-05
-3.525425563566386700e-05
1.062509636540198699e-05
9.873693898043711670e-07
-1.162281705546774901e-06
-1.278152552686151466e-07
-0.000000000000000000e+00
