-0.000000000000000000e+00
-5.210027666180394590e-05
2.674785355338826776e-05
-1.039061578921973705e-03
-3.427947405725717545e-03
2.030937001109123230e-03
1.874258741736412048e-03
-8.903218433260917664e-03
5.527611356228590012e-03
2.364187967032194138e-03
-1.528206374496221542e-02
-2.472363645210862160e-03
7.584611885249614716e-03
-8.484888821840286255e-03
-2.668298780918121338e-03
2.661838755011558533e-02
-1.125628687441349030e-02
-4.296607151627540588e-02
1.650379449129104614e-01
9.560077786445617676e-01
1.263987421989440918e+00
1.484800428152084351e-01
-6.420659422874450684e-01
-1.214834451675415039e+00
-1.394788622856140137e+00
-8.537466824054718018e-02
7.966098189353942871e-01
7.931728363037109375e-01
9.832952916622161865e-02
-3.552824854850769043e-01
-6.729555130004882812e-01
-8.157973289489746094e-01
2.741108238697052002e-01
4.480963051319122314e-01
3.497220873832702637e-01
2.992341220378875732e-01
-1.759572774171829224e-01
-4.780670106410980225e-01
-2.982804477214813232e-01
6.858659535646438599e-02
-1.161137595772743225e-01
1.352807693183422089e-02
-2.573468685150146484e-01
-1.828700155019760132e-01
2.271262854337692261e-01
3.153859674930572510e-01
2.770738899707794189e-01
1.832235790789127350e-02
-1.038231328129768372e-01
-2.438905537128448486e-01
2.676878310739994049e-02
9.815888851881027222e-02
1.021366566419601440e-01
8.923877030611038208e-02
-2.797141298651695251e-02
-6.130111962556838989e-02
-1.287446357309818268e-03
1.249314248561859131e-01
1.480778902769088745e-01
1.605868488550186157e-01
4.815475642681121826e-02
-3.515101270750164986e-03
-6.148219108581542969e-02
3.875816613435745239e-02
5.726868659257888794e-02
8.048871159553527832e-02
5.337991937994956970e-02
-1.897821016609668732e-02
1.002134406007826328e-03
2.064757049083709717e-02
1.027068197727203369e-01
5.671736970543861389e-02
8.831971138715744019e-02
1.157489884644746780e-02
-5.609878804534673691e-03
2.304481714963912964e-02
1.334688160568475723e-02
5.038518458604812622e-02
4.567018896341323853e-02
4.610712081193923950e-02
3.551622154191136360e-03
2.522560395300388336e-02
2.417970262467861176e-02
1.778355427086353302e-02
5.526885017752647400e-02
2.952417358756065369e-02
7.943635806441307068e-03
3.841992095112800598e-02
9.811006486415863037e-03
1.482885424047708511e-02
3.121370635926723480e-02
8.818159811198711395e-03
-9.459602879360318184e-04
1.970340870320796967e-02
2.134104818105697632e-02
1.079929806292057037e-02
4.662330448627471924e-02
8.017406798899173737e-03
6.293014157563447952e-03
1.688312552869319916e-02
-3.583960700780153275e-03
-1.364551484584808350e-03
1.315546222031116486e-02
5.790625698864459991e-03
-1.215068716555833817e-02
9.194105863571166992e-03
-7.633981760591268539e-03
-1.332628773525357246e-03
1.612182706594467163e-02
-6.792751140892505646e-03
-2.119408920407295227e-02
-6.796321365982294083e-03
-2.681567706167697906e-02
-1.247314363718032837e-02
3.162920102477073669e-02
8.371453732252120972e-03
1.381908822804689407e-02
1.153540983796119690e-02
-1.385798864066600800e-02
-1.146968640387058258e-02
9.727747179567813873e-03
-1.072511356323957443e-02
-1.257156115025281906e-02
2.122202888131141663e-02
-1.062697824090719223e-02
-2.597953891381621361e-03
2.334917522966861725e-02
8.873344399034976959e-03
3.142378525808453560e-03
1.239269413053989410e-02
2.641883213073015213e-03
-1.845056563615798950e-02
1.219841185957193375e-02
-7.715920219197869301e-04
-1.406486611813306808e-02
1.734250225126743317e-02
-8.119278587400913239e-03
-1.219633314758539200e-02
5.533217918127775192e-03
-7.946016266942024231e-03
-1.144914980977773666e-02
7.604168262332677841e-03
5.586088518612086773e-04
-1.471163053065538406e-02
6.608104798942804337e-03
-1.320128561928868294e-03
-2.446175320073962212e-03
1.759108901023864746e-02
2.919417747762054205e-04
-1.065262686461210251e-02
-7.106266915798187256e-03
-2.014264464378356934e-03
-6.721028592437505722e-03
2.773251617327332497e-03
7.711645215749740601e-03
-1.831778325140476227e-02
4.980921279639005661e-03
-3.417754545807838440e-03
-1.550280209630727768e-02
1.448944676667451859e-02
-4.792998079210519791e-03
-1.687926007434725761e-03
1.106074079871177673e-02
8.747178944759070873e-04
-3.041742136701941490e-03
1.480566244572401047e-02
6.779700983315706253e-03
-8.643413893878459930e-03
1.380322966724634171e-02
-6.040278822183609009e-03
-9.294347837567329407e-03
5.433549173176288605e-03
-1.491955853998661041e-02
-1.786300353705883026e-02
-5.124211311340332031e-03
-1.143898162990808487e-02
-1.041100267320871353e-02
2.096730656921863556e-02
1.003201119601726532e-02
-3.337206784635782242e-03
1.175390649586915970e-02
-6.613275036215782166e-03
-3.232571471016854048e-04
1.437882892787456512e-02
-1.910089515149593353e-03
-7.666410878300666809e-03
-3.120772307738661766e-03
-7.781414315104484558e-03
-1.012929249554872513e-02
1.543232426047325134e-02
1.057236827909946442e-02
-3.917608875781297684e-03
4.918315447866916656e-03
-1.140689291059970856e-02
-1.216917205601930618e-02
1.531115733087062836e-03
2.143359743058681488e-03
-2.228857338195666671e-04
2.409305423498153687e-03
-4.413109738379716873e-03
-1.476156432181596756e-02
2.155845286324620247e-03
1.172007468994706869e-04
-8.145869709551334381e-03
1.496136654168367386e-03
-4.351182840764522552e-03
-6.162719801068305969e-03
4.812427330762147903e-03
6.534895393997430801e-03
9.603935177437961102e-04
6.820957176387310028e-03
9.586964151822030544e-04
-7.033390924334526062e-03
1.157624297775328159e-03
-4.463238175958395004e-03
-3.822474740445613861e-03
1.306754536926746368e-03
7.189821917563676834e-04
3.511383896693587303e-03
2.858316060155630112e-03
5.269086454063653946e-03
1.779060228727757931e-03
2.466848818585276604e-03
2.506413497030735016e-03
-3.867885097861289978e-03
4.317913553677499294e-04
-2.677359152585268021e-03
-3.409994766116142273e-03
1.012836815789341927e-03
-2.066620858386158943e-03
-2.028617076575756073e-03
-9.392758365720510483e-04
-4.948016721755266190e-04
-6.638008635491132736e-04
9.901387384161353111e-04
4.744286707136780024e-04
-8.671685936860740185e-04
1.387276803143322468e-03
5.235368153080344200e-04
-3.811462374869734049e-05
4.318512801546603441e-04
-4.396420263219624758e-04
-1.184792839922010899e-03
-7.255133823491632938e-04
-3.937342844437807798e-04
-7.056337199173867702e-04
-3.133513928332831711e-06
-3.656567059806548059e-05
-1.365605130558833480e-04
2.663523482624441385e-04
1.609492755960673094e-04
7.715082028880715370e-05
8.394203905481845140e-05
2.456499169056769460e-05
2.374159357998451014e-08
0.000000000000000000e+00
