-0.000000000000000000e+00
-1.067539269570261240e-04
-5.521072307601571083e-04
-1.976886531338095665e-03
-1.696253661066293716e-03
1.634074840694665909e-03
-2.502408344298601151e-03
1.832641777582466602e-03
5.727742245653644204e-05
-9.950571693480014801e-03
-2.220086287707090378e-03
3.814970608800649643e-03
7.555489428341388702e-03
-5.127628799527883530e-03
3.952695522457361221e-03
1.390679739415645599e-02
-2.982325106859207153e-02
1.693149209022521973e-01
1.178723931312561035e+00
1.563789844512939453e+00
2.575252056121826172e-01
-7.158560156822204590e-01
-1.622760415077209473e+00
-1.889434695243835449e+00
-7.869476079940795898e-01
3.887441158294677734e-01
1.453475475311279297e+00
8.064755797386169434e-01
3.521174192428588867e-01
-2.816200256347656250e-01
-1.224252343177795410e+00
-2.900263965129852295e-01
3.887351974844932556e-02
1.213956326246261597e-01
1.776004135608673096e-01
1.570757478475570679e-01
-2.324061989784240723e-01
-2.888835035264492035e-02
3.441010415554046631e-01
-1.050426810979843140e-01
5.538129806518554688e-02
-3.867766261100769043e-01
-4.174275994300842285e-01
-1.572894901037216187e-01
2.520967721939086914e-01
2.667831778526306152e-01
1.734004914760589600e-01
1.784144341945648193e-01
-1.798782795667648315e-01
2.857051417231559753e-02
-6.587594747543334961e-02
1.023001521825790405e-01
3.615766391158103943e-02
5.936649814248085022e-02
-2.187770791351795197e-02
-3.301377967000007629e-02
8.103654533624649048e-02
8.146745711565017700e-02
2.140908688306808472e-01
4.420812707394361496e-03
8.018589764833450317e-02
-4.675313830375671387e-02
6.034950166940689087e-02
4.584749788045883179e-02
8.010961115360260010e-02
3.911835700273513794e-02
-4.523856937885284424e-02
2.755670808255672455e-02
-4.544316604733467102e-02
1.123131588101387024e-01
4.906965792179107666e-02
1.158239841461181641e-01
3.415059670805931091e-02
2.905786968767642975e-02
3.614904591813683510e-03
1.097811758518218994e-02
7.848139852285385132e-02
4.247708246111869812e-02
9.874362498521804810e-02
6.666108034551143646e-03
1.370001304894685745e-02
-1.984173245728015900e-02
1.940981112420558929e-02
3.167214244604110718e-02
4.215548932552337646e-02
4.368936643004417419e-02
2.270146459341049194e-02
2.858682721853256226e-02
2.447355352342128754e-02
3.812294080853462219e-02
1.843308284878730774e-02
3.438106179237365723e-02
-3.979741304647177458e-04
7.769072894006967545e-03
2.831047168001532555e-03
8.935751393437385559e-03
1.209375075995922089e-02
1.576601713895797729e-02
2.549922326579689980e-03
-4.544033668935298920e-03
1.042418554425239563e-02
-5.983590148389339447e-03
2.013119868934154510e-02
6.969503592699766159e-03
-8.378925733268260956e-03
-7.766627706587314606e-03
-6.300489767454564571e-04
-1.080828905105590820e-02
-6.119233090430498123e-03
-1.004527509212493896e-02
-1.886919140815734863e-02
-2.203590236604213715e-02
1.016860827803611755e-03
1.859120652079582214e-02
1.204666495323181152e-02
4.063699766993522644e-02
-6.333158817142248154e-03
-1.617140695452690125e-02
-1.566260680556297302e-02
-1.799198985099792480e-02
-1.397342793643474579e-02
6.765413854736834764e-05
1.980211585760116577e-02
-6.162860896438360214e-03
2.213041856884956360e-02
-1.646275050006806850e-03
5.950534716248512268e-03
6.182771641761064529e-03
-2.222084440290927887e-02
-1.059423293918371201e-02
-2.036588639020919800e-02
-1.496157346991822124e-04
-4.139966797083616257e-03
1.895614713430404663e-02
1.883194223046302795e-02
8.664952591061592102e-03
1.268068887293338776e-02
-1.569214463233947754e-02
-9.826630353927612305e-03
-1.368989050388336182e-02
-9.479411877691745758e-03
-1.915752072818577290e-03
1.241022720932960510e-03
-4.031274933367967606e-03
-1.848741434514522552e-03
1.514289621263742447e-02
3.472469397820532322e-04
-7.243441650643944740e-04
-4.096530843526124954e-03
-2.904747985303401947e-02
-6.668157875537872314e-03
3.521346021443605423e-03
-3.389195771887898445e-03
2.403984405100345612e-02
1.288999989628791809e-02
1.043132692575454712e-02
5.188765935599803925e-03
4.586506634950637817e-03
-5.154722020961344242e-04
-1.390926633030176163e-02
2.549248980358242989e-03
-1.891973428428173065e-02
-7.566646672785282135e-03
-2.808079821988940239e-03
-5.633091554045677185e-03
7.007082458585500717e-03
2.141878241673111916e-03
-6.666856817901134491e-03
-1.298731938004493713e-02
2.520978683605790138e-03
-7.349392399191856384e-03
-2.997627947479486465e-03
9.892127709463238716e-04
-9.146338328719139099e-03
-5.281863268464803696e-03
-5.565623723668977618e-05
1.824922277592122555e-03
1.827813568525016308e-03
9.918801486492156982e-03
-4.352348856627941132e-03
-1.080337911844253540e-02
2.428317209705710411e-03
-9.268812136724591255e-04
-4.895705264061689377e-03
2.537594409659504890e-04
-9.919602423906326294e-03
-9.891569614410400391e-03
6.913181394338607788e-03
1.125493366271257401e-02
2.287022024393081665e-02
2.325379289686679840e-02
2.889583818614482880e-03
-6.430753506720066071e-03
-1.155368331819772720e-02
-1.509488839656114578e-02
-3.905992256477475166e-03
3.899266244843602180e-03
2.003315603360533714e-03
4.172829794697463512e-04
-1.254178001545369625e-03
-3.893716959282755852e-03
-1.294354791752994061e-03
-1.636460656300187111e-03
-1.059118285775184631e-02
-6.496197544038295746e-03
-6.442273501306772232e-03
-4.797267727553844452e-03
6.386474706232547760e-03
7.954711094498634338e-03
8.528131060302257538e-03
1.977321458980441093e-03
-3.894522087648510933e-04
-5.386690609157085419e-03
-1.056252978742122650e-02
-2.352547599002718925e-03
-7.605865132063627243e-03
-1.861710567027330399e-03
9.102985262870788574e-03
5.801946972496807575e-04
6.375635508447885513e-03
8.027702569961547852e-03
-8.653762051835656166e-04
6.621683132834732533e-04
-2.161405980587005615e-03
-3.753318917006254196e-03
-3.342104377225041389e-03
-1.440455322153866291e-03
-2.832140889950096607e-04
-7.133390754461288452e-04
1.576008973643183708e-03
-2.023913431912660599e-03
-1.072254497557878494e-03
9.550590766593813896e-04
-5.968835321255028248e-04
4.822956980206072330e-04
6.734477356076240540e-04
6.960458704270422459e-04
9.028546628542244434e-04
1.226745080202817917e-03
1.187305751955136657e-04
-7.630176842212677002e-04
-1.028346596285700798e-03
-1.667343778535723686e-03
-1.230960013344883919e-03
-3.252529713790863752e-04
-1.628568279556930065e-04
4.496053588809445500e-05
3.891774103976786137e-04
1.616938679944723845e-04
2.787616977002471685e-04
1.836064766393974423e-04
5.128932389197871089e-05
4.707178595708683133e-05
1.758760049597185571e-06
1.116018324864853639e-06
-0.000000000000000000e+00
