0.000000000000000000e+00
2.759333619906101376e-05
1.131943499785847962e-04
-6.830511847510933876e-04
-1.353396568447351456e-03
2.482184907421469688e-03
-2.727163955569267273e-04
-3.748729825019836426e-03
6.727722473442554474e-03
7.655539084225893021e-04
-1.369907520711421967e-03
3.077478846535086632e-03
-3.399072214961051941e-03
4.453252069652080536e-03
1.897514681331813335e-03
-3.470440162345767021e-03
3.911843989044427872e-03
1.230457797646522522e-03
-9.591507114237174392e-05
2.978267380967736244e-03
-8.533304790034890175e-04
-2.603432629257440567e-03
1.405061455443501472e-03
-3.524609608575701714e-03
-3.256373340263962746e-03
8.883502450771629810e-04
-2.325739478692412376e-05
-1.243069884367287159e-03
-4.010993521660566330e-03
1.174303120933473110e-03
-1.448640832677483559e-03
-2.416110364720225334e-03
6.328323855996131897e-03
-1.224414212629199028e-03
-1.585901132784783840e-03
3.163674613460898399e-03
-4.009984899312257767e-03
2.715853275731205940e-03
1.085171708837151527e-03
-4.101990256458520889e-03
9.549314854666590691e-04
-1.443915418349206448e-03
-1.929922495037317276e-03
-1.412162207998335361e-03
2.945086685940623283e-03
4.943803884088993073e-03
2.425914630293846130e-02
5.850158631801605225e-02
1.167614087462425232e-01
1.955841332674026489e-01
2.192953228950500488e-01
1.941045969724655151e-01
1.087860390543937683e-01
-3.422967717051506042e-02
-2.112959921360015869e-01
-3.269304633140563965e-01
-2.958576977252960205e-01
-2.161549627780914307e-01
-5.258686095476150513e-02
1.025253161787986755e-01
1.251438260078430176e-01
8.712239563465118408e-02
1.177623402327299118e-02
-3.033833950757980347e-02
-6.639203429222106934e-02
-7.760991901159286499e-02
-7.200599461793899536e-02
-9.539776295423507690e-02
-9.170362353324890137e-02
-6.444481015205383301e-02
-1.320385001599788666e-02
3.064319491386413574e-02
7.058297097682952881e-02
6.828486174345016479e-02
3.247993439435958862e-02
1.927886740304529667e-03
-2.211502939462661743e-02
-1.591732166707515717e-02
-1.197408232837915421e-02
-3.106322139501571655e-02
-3.652422502636909485e-02
8.293581777252256870e-04
1.319272443652153015e-02
4.091272130608558655e-02
5.922385677695274353e-02
3.942801430821418762e-02
3.382845222949981689e-02
1.755469106137752533e-02
1.204591710120439529e-02
5.735366139560937881e-03
1.313482224941253662e-02
1.977482996881008148e-02
1.934089884161949158e-02
1.820609346032142639e-02
2.161086536943912506e-02
3.908895701169967651e-02
4.951011016964912415e-02
4.274176061153411865e-02
2.395976893603801727e-02
1.837980747222900391e-02
6.627092137932777405e-03
1.929718069732189178e-02
2.785920165479183197e-02
2.986612729728221893e-02
3.445392847061157227e-02
1.610283553600311279e-02
2.469025738537311554e-02
2.101444453001022339e-02
2.179038710892200470e-02
3.352586179971694946e-02
2.224851213395595551e-02
2.223316580057144165e-02
1.722233742475509644e-02
1.353183202445507050e-02
1.691471412777900696e-02
1.613787002861499786e-02
1.879697106778621674e-02
1.448642183095216751e-02
1.957096904516220093e-02
2.335463464260101318e-02
2.672555670142173767e-02
3.292395919561386108e-02
2.781504951417446136e-02
2.769785746932029724e-02
1.531172543764114380e-02
9.315211325883865356e-03
2.890601055696606636e-03
-3.817786928266286850e-03
2.131919172825291753e-04
-2.565783681347966194e-03
1.632321253418922424e-02
2.597850747406482697e-02
2.905703708529472351e-02
3.059731796383857727e-02
1.847948320209980011e-02
1.096830796450376511e-02
-5.881429184228181839e-03
-7.706221658736467361e-04
4.763393662869930267e-03
7.109051570296287537e-03
1.906349509954452515e-02
1.620722748339176178e-02
1.837641000747680664e-02
1.094064582139253616e-02
1.153153646737337112e-02
4.036474041640758514e-03
-7.872291840612888336e-03
-2.420359291136264801e-03
-4.812636412680149078e-03
6.949844770133495331e-03
3.663354786112904549e-03
1.829808112233877182e-03
1.517675258219242096e-02
2.862385241314768791e-03
-5.547119304537773132e-03
3.434163052588701248e-03
-5.443881964311003685e-04
-7.006874307990074158e-03
6.502059986814856529e-04
-4.062419291585683823e-03
-1.281065028160810471e-02
-9.860274381935596466e-03
1.219437574036419392e-03
1.814205024857074022e-04
-4.122798331081867218e-03
7.664888631552457809e-03
3.481717081740498543e-03
4.225785378366708755e-03
1.179635897278785706e-02
3.987169824540615082e-03
2.587983151897788048e-03
1.785343978554010391e-03
-5.347045371308922768e-04
-9.499122825218364596e-05
1.958787106559611857e-05
4.080982413142919540e-03
6.741333752870559692e-03
7.409579120576381683e-03
1.003670506179332733e-02
5.367325153201818466e-03
5.994887906126677990e-04
3.349056933075189590e-03
-4.060864914208650589e-03
-6.390377413481473923e-03
-3.102654591202735901e-03
-1.132038235664367676e-02
-4.809217527508735657e-03
6.107562221586704254e-04
-7.717309053987264633e-04
6.368063855916261673e-03
6.798769347369670868e-03
5.613786634057760239e-03
1.729311188682913780e-03
1.759911770932376385e-03
-9.584534564055502415e-04
-4.868740215897560120e-03
-1.873990986496210098e-03
-4.198239650577306747e-03
-3.933433443307876587e-03
-3.578630276024341583e-03
-1.716657890938222408e-03
1.090135425329208374e-03
4.903586115688085556e-03
4.698696546256542206e-03
1.795104588381946087e-03
1.698403386399149895e-03
-3.440066706389188766e-03
-3.386851865798234940e-03
-4.072896204888820648e-03
-2.648910274729132652e-03
7.550782174803316593e-04
-2.788901620078831911e-04
1.990668708458542824e-03
1.618467271327972412e-03
-9.016322292154654860e-05
-1.007684157229959965e-03
-9.284110274165868759e-04
-3.393121529370546341e-03
-4.073066171258687973e-03
-1.591344363987445831e-03
-2.282299799844622612e-03
-4.521210794337093830e-04
-6.878065960336243734e-06
1.687747571850195527e-04
5.282145575620234013e-04
-8.192906389012932777e-04
-7.039005286060273647e-04
2.763708471320569515e-04
6.184109370224177837e-04
-5.694466526620090008e-04
8.422319660894572735e-04
3.316378861200064421e-04
-5.385381518863141537e-04
7.616050424985587597e-04
3.053706313949078321e-05
-1.478401391068473458e-04
-4.397104930831119418e-05
4.796342400368303061e-04
2.436028880765661597e-04
-1.374748972011730075e-04
3.463492612354457378e-04
2.509429759811609983e-05
1.236907555721700191e-04
2.329286362510174513e-04
4.616972000803798437e-05
1.143779882113449275e-04
2.747690086835063994e-05
-3.830779678537510335e-05
-2.179086550313513726e-05
-5.178624269319698215e-05
3.409602186366100796e-06
2.229659457952948287e-06
-6.311511697276728228e-06
5.281290668790461496e-06
-1.081319169315975159e-06
-0.000000000000000000e+00
