0.000000000000000000e+00
4.699618875747546554e-05
4.675778618548065424e-04
5.444620037451386452e-04
-9.335395297966897488e-04
1.165757654234766960e-03
7.633093628101050854e-04
-3.564709331840276718e-03
2.652695402503013611e-03
3.800118574872612953e-03
-2.261798596009612083e-03
-2.016841666772961617e-03
-1.532167778350412846e-03
-2.800062648020684719e-04
2.268596319481730461e-03
-2.836830215528607368e-03
-8.468390442430973053e-04
4.668899811804294586e-03
-3.919609822332859039e-03
-2.236049331258982420e-04
5.780069623142480850e-03
-7.279272540472447872e-04
-8.628748219052795321e-06
6.911305827088654041e-04
-2.345876302570104599e-03
-3.302603028714656830e-03
-1.178161241114139557e-03
9.979670867323875427e-04
-3.060495480895042419e-03
-6.984960054978728294e-04
6.806683260947465897e-03
-4.385367967188358307e-03
-3.480500308796763420e-03
4.518458619713783264e-03
-6.457896903157234192e-03
-2.664703410118818283e-03
5.064378958195447922e-03
2.485555130988359451e-03
-6.239728536456823349e-03
-2.506006509065628052e-03
3.146057948470115662e-02
1.091580390930175781e-01
1.694689244031906128e-01
1.359031647443771362e-01
1.038366407155990601e-01
3.031023405492305756e-02
-1.027760580182075500e-01
-1.373603641986846924e-01
-1.358284950256347656e-01
-1.474553495645523071e-01
-9.611149877309799194e-02
2.206102758646011353e-02
8.779466152191162109e-02
7.285001128911972046e-02
6.289527565240859985e-02
2.539604529738426208e-02
-2.263199072331190109e-03
1.070824568159878254e-03
-9.800743311643600464e-03
-7.349589467048645020e-02
-1.301516145467758179e-01
-9.038562327623367310e-02
-4.613547027111053467e-02
-1.144246198236942291e-02
1.094523258507251740e-02
-9.509081137366592884e-04
-2.261826023459434509e-02
-3.009457513689994812e-02
-2.619559876620769501e-02
-2.860123291611671448e-02
-1.630962640047073364e-02
-1.226143166422843933e-02
-1.092009712010622025e-02
-7.287487387657165527e-03
-1.785691943950951099e-03
1.301349233835935593e-02
3.331031277775764465e-02
4.407733678817749023e-02
2.458681724965572357e-02
-1.555163692682981491e-02
-4.023591801524162292e-02
-3.072531521320343018e-02
-1.381925214082002640e-02
-8.457174524664878845e-03
1.057909685187041759e-03
2.561249956488609314e-02
3.617225959897041321e-02
6.008107587695121765e-02
6.637869775295257568e-02
4.899150133132934570e-02
5.382413044571876526e-02
4.049244895577430725e-02
1.965505629777908325e-02
-5.496223457157611847e-04
7.002180442214012146e-03
1.687461137771606445e-02
3.610771521925926208e-02
5.514100193977355957e-02
3.043145127594470978e-02
3.887019678950309753e-02
3.496648743748664856e-02
3.343204036355018616e-02
3.359518200159072876e-02
1.386797521263360977e-02
9.532443247735500336e-03
-9.497586637735366821e-03
2.159353171009570360e-04
1.053129602223634720e-02
1.873816549777984619e-02
3.781427443027496338e-02
3.139764070510864258e-02
2.671610563993453979e-02
2.406723983585834503e-02
1.629602536559104919e-02
1.508692651987075806e-02
1.304942276328802109e-02
1.251481566578149796e-02
7.284789346158504486e-03
1.251706108450889587e-02
2.757619693875312805e-02
3.125120699405670166e-02
4.089561104774475098e-02
3.337517753243446350e-02
3.182727843523025513e-02
1.922574453055858612e-02
8.822347037494182587e-03
1.329709030687808990e-02
-3.361658891662955284e-03
4.931916482746601105e-03
1.999654807150363922e-03
1.160909514874219894e-02
1.742728613317012787e-02
9.978950023651123047e-03
2.305864915251731873e-02
1.051602791994810104e-02
1.858842000365257263e-02
1.701114140450954437e-02
8.442606776952743530e-03
6.435811519622802734e-03
-1.000168267637491226e-02
-7.020849734544754028e-03
-1.236185524612665176e-02
-9.660338051617145538e-03
-1.120310369879007339e-02
-8.350815623998641968e-03
-2.221037721028551459e-04
-5.980236921459436417e-03
9.108990430831909180e-03
1.154070254415273666e-02
7.447463925927877426e-03
9.353805333375930786e-03
8.162924088537693024e-03
9.810130111873149872e-03
5.144777242094278336e-03
3.366039134562015533e-03
3.127750940620899200e-03
6.913454737514257431e-03
1.352857239544391632e-02
1.124239899218082428e-02
1.387261785566806793e-02
3.804351901635527611e-03
-2.702134661376476288e-04
4.874351900070905685e-03
-4.050174728035926819e-03
2.248361939564347267e-03
1.445698435418307781e-03
3.547191619873046875e-03
-3.468820592388510704e-03
-3.258471610024571419e-03
7.185888011008501053e-03
-1.358069945126771927e-03
1.164073869585990906e-02
6.212988868355751038e-03
1.829095999710261822e-03
5.497350823134183884e-03
6.570189143531024456e-04
5.279947072267532349e-03
-4.194843582808971405e-03
-2.041981788352131844e-03
-2.594138495624065399e-03
-9.624373167753219604e-03
9.116135188378393650e-04
1.323544187471270561e-03
1.875942922197282314e-03
5.782275926321744919e-03
2.934805816039443016e-03
2.146178856492042542e-03
-2.429813146591186523e-03
-3.345101838931441307e-03
-4.378010984510183334e-03
-2.053115516901016235e-03
-5.313277360983192921e-04
-3.843908663839101791e-03
-7.327594357775524259e-05
-2.886177739128470421e-03
-2.445544581860303879e-03
-2.263896865770220757e-03
-4.037760198116302490e-03
-1.339334063231945038e-03
-4.352291580289602280e-03
-3.105155192315578461e-04
6.184106459841132164e-04
1.687833137111738324e-04
3.286831546574831009e-03
-3.814770316239446402e-04
1.896680216304957867e-03
1.127224415540695190e-03
-1.468619739171117544e-04
-3.086101205553859472e-04
-3.224495099857449532e-03
-4.802678304258733988e-04
-1.973358914256095886e-03
-5.224178894422948360e-04
1.674418454058468342e-03
3.879711439367383718e-04
-7.050955173326656222e-05
-6.947478977963328362e-04
-3.678806242533028126e-04
-1.796629396267235279e-03
5.136916879564523697e-04
-2.879952080547809601e-04
-2.385222353041172028e-03
-1.571242348290979862e-03
-2.199658425524830818e-03
-1.032132189720869064e-03
-6.361671839840710163e-04
-7.851982081774622202e-05
6.253682076930999756e-04
9.197623003274202347e-04
3.373679937794804573e-04
5.650311504723504186e-05
3.599229676183313131e-04
-7.494111196137964725e-04
-5.698166205547749996e-04
-2.951290225610136986e-04
-5.970807978883385658e-04
-2.185024059144780040e-04
2.747770922724157572e-04
2.822894894052296877e-04
6.642104563070461154e-05
1.948144636116921902e-04
3.160861087962985039e-04
5.255237192614004016e-05
1.692822843324393034e-04
2.237706503365188837e-04
1.646604505367577076e-05
1.289647771045565605e-04
6.364536147884791717e-06
2.481433512002695352e-05
2.423703699605539441e-05
-2.489256075932644308e-06
3.280845339759252965e-05
-1.348435489489929751e-06
6.067999493097886443e-06
5.526161999114265200e-07
-0.000000000000000000e+00
