-0.000000000000000000e+00
-4.535372136160731316e-05
-8.287366363219916821e-04
-4.625677538570016623e-04
3.750528674572706223e-03
-5.210182629525661469e-03
-2.227420918643474579e-03
1.234924327582120895e-02
-4.093228373676538467e-03
-2.632755087688565254e-03
6.325154099613428116e-03
-2.286330796778202057e-03
-1.121800392866134644e-02
-2.729737665504217148e-03
5.106690805405378342e-03
3.727256262209266424e-04
3.839668817818164825e-03
7.154686842113733292e-03
3.709432110190391541e-02
6.010996699333190918e-01
1.387113094329833984e+00
1.033409476280212402e+00
1.505646109580993652e-01
-1.158153533935546875e+00
-1.929324388504028320e+00
-1.161678671836853027e+00
-1.091270327568054199e+00
3.384618461132049561e-02
1.285872578620910645e+00
9.143289327621459961e-01
9.055766463279724121e-01
2.040267735719680786e-01
-6.436955332756042480e-01
-9.067111611366271973e-01
-1.887493431568145752e-01
-1.546763032674789429e-01
-2.470315843820571899e-01
3.417102694511413574e-01
-1.111355721950531006e-01
2.927882671356201172e-01
3.558153212070465088e-01
2.371683418750762939e-01
1.317723095417022705e-02
-3.246477544307708740e-01
-3.228295147418975830e-01
-4.479762911796569824e-01
-3.984136506915092468e-02
-9.747604280710220337e-02
2.499922960996627808e-01
2.928990721702575684e-01
1.780615150928497314e-01
1.553724557161331177e-01
-2.809094265103340149e-02
2.027160301804542542e-02
-6.935769319534301758e-02
2.405273541808128357e-02
-6.167064979672431946e-02
-2.000057371333241463e-03
1.733553595840930939e-02
9.308316558599472046e-02
1.238661110401153564e-01
9.590864181518554688e-02
1.883263513445854187e-02
2.120991423726081848e-02
2.059948863461613655e-03
-4.408065869938582182e-04
1.229970753192901611e-01
9.636852890253067017e-03
9.392263740301132202e-02
1.445049978792667389e-02
5.219357460737228394e-02
8.532191626727581024e-03
6.422457098960876465e-02
6.582785397768020630e-02
1.746351830661296844e-02
1.163773089647293091e-01
-2.685139514505863190e-02
7.794010639190673828e-02
3.336477279663085938e-02
4.004653915762901306e-02
3.211694955825805664e-02
1.766731776297092438e-02
-8.494404144585132599e-03
-5.343268066644668579e-02
1.819014549255371094e-02
-3.036787174642086029e-02
3.203267604112625122e-02
7.400663942098617554e-02
5.060733482241630554e-02
6.198426336050033569e-02
5.967284739017486572e-02
-1.004254631698131561e-02
-2.111193956807255745e-03
8.125898428261280060e-03
-1.135894283652305603e-02
-1.421689148992300034e-02
2.560937590897083282e-02
-5.733817350119352341e-03
7.675059139728546143e-03
6.939329952001571655e-02
-2.000361215323209763e-03
3.787681832909584045e-02
1.791114360094070435e-02
-6.904394365847110748e-03
-1.851884089410305023e-02
-2.342208288609981537e-02
-2.827022969722747803e-02
-2.250427938997745514e-02
2.951404824852943420e-02
-7.802021689713001251e-03
1.978443376719951630e-02
2.254264801740646362e-02
-1.020604930818080902e-02
1.300059445202350616e-02
3.756412863731384277e-02
1.013602036982774734e-02
1.519150566309690475e-02
1.409864518791437149e-02
-3.516673669219017029e-02
-2.205704152584075928e-02
-3.887185361236333847e-03
-3.511287644505500793e-02
-2.555206790566444397e-02
2.824979461729526520e-02
-6.938122212886810303e-03
2.404452674090862274e-02
3.945105150341987610e-02
-2.169304993003606796e-03
1.645262539386749268e-02
1.368575147353112698e-03
-2.322767861187458038e-02
-4.300487414002418518e-02
-1.125216390937566757e-02
-3.706332668662071228e-02
-2.399308606982231140e-02
3.100410476326942444e-02
-6.450715009123086929e-03
3.141403198242187500e-02
3.320837765932083130e-02
1.016877032816410065e-02
2.635434083640575409e-02
2.404261380434036255e-02
1.204780186526477337e-03
-1.234796550124883652e-02
3.832603571936488152e-03
-3.770236298441886902e-02
-1.145705115050077438e-02
1.129035092890262604e-02
-3.040172159671783447e-02
3.000053344294428825e-03
-2.896225545555353165e-03
-2.422611787915229797e-02
-3.662628587335348129e-03
-8.690148824825882912e-04
-1.863441057503223419e-02
-1.390073914080858231e-02
2.362506277859210968e-02
-8.580376394093036652e-03
4.346421919763088226e-03
4.221864789724349976e-02
-1.260619610548019409e-02
9.161904454231262207e-03
6.955276243388652802e-03
-2.958005107939243317e-02
-9.674972854554653168e-03
-2.088186796754598618e-03
-1.414555311203002930e-02
-7.630068343132734299e-03
2.442897111177444458e-02
-1.467212848365306854e-02
5.305824335664510727e-03
2.218257263302803040e-02
-2.668563276529312134e-02
2.067649271339178085e-03
1.835182076320052147e-03
-2.257678657770156860e-02
-3.304906887933611870e-03
2.320178784430027008e-02
1.708376919850707054e-03
1.468903291970491409e-02
3.303854912519454956e-02
-1.862454041838645935e-02
3.115495666861534119e-03
6.756938528269529343e-03
-3.027177602052688599e-02
-3.605399979278445244e-03
-8.067561313509941101e-03
-2.469150535762310028e-02
-5.261282436549663544e-03
9.794346056878566742e-03
9.055892005562782288e-03
2.090921811759471893e-02
2.614190801978111267e-02
-6.423194892704486847e-03
-4.716664087027311325e-03
-3.223858773708343506e-03
-2.142296545207500458e-02
4.386841028463095427e-04
9.078679606318473816e-03
-3.141302149742841721e-03
1.890703337267041206e-03
7.885633036494255066e-03
-7.614128757268190384e-03
-3.600870957598090172e-03
3.167999908328056335e-03
-1.629399321973323822e-02
-5.256424658000469208e-03
2.756981179118156433e-03
-6.069898139685392380e-03
4.758462309837341309e-03
1.493920385837554932e-02
1.504902378655970097e-03
-1.861879369243979454e-03
5.190572235733270645e-03
-1.600976847112178802e-02
-7.132696453481912613e-03
1.344966469332575798e-03
-1.120339613407850266e-02
7.731660734862089157e-03
7.478972896933555603e-03
1.630412763915956020e-03
6.978316698223352432e-03
2.946209162473678589e-03
-3.176051424816250801e-03
-5.581677891314029694e-03
-1.621848787181079388e-03
-7.706264033913612366e-03
-1.487286994233727455e-03
3.942993935197591782e-03
-2.543458715081214905e-03
3.931215498596429825e-03
1.597881666384637356e-03
-2.356861485168337822e-03
5.337483598850667477e-04
-5.469047027872875333e-05
-1.591958804056048393e-03
-5.916240043006837368e-04
1.633160864003002644e-03
-2.435357600916177034e-04
1.341338036581873894e-03
1.249334192834794521e-03
-1.123103778809309006e-03
-3.836680261883884668e-04
-1.099830726161599159e-03
-1.170589122921228409e-03
-5.653836415149271488e-04
-5.729133590648416430e-06
6.314770143944770098e-05
1.939399226102977991e-04
4.664723819587379694e-04
1.245060120709240437e-04
1.194280412164516747e-04
7.116245251381769776e-05
-1.136181708716321737e-05
1.269478389076539315e-07
-0.000000000000000000e+00
