0.000000000000000000e+00
-1.344387783319689333e-05
3.284288686700165272e-04
1.140835345722734928e-03
-8.876310894265770912e-04
-1.392755890265107155e-03
8.590122452005743980e-04
-6.542796734720468521e-03
-1.647184486500918865e-03
7.716231513768434525e-03
-1.953097060322761536e-03
3.705174662172794342e-03
5.682060960680246353e-03
6.234865868464112282e-04
5.350500345230102539e-03
-4.545907955616712570e-03
-8.659622981213033199e-04
-1.543226651847362518e-03
-6.685361731797456741e-03
9.379017166793346405e-03
-1.085536787286400795e-04
4.295118618756532669e-03
9.484321810305118561e-03
-6.524200551211833954e-03
-2.752304309979081154e-03
-6.171069573611021042e-03
-2.555057639256119728e-03
7.555077318102121353e-04
7.420989684760570526e-03
4.931053146719932556e-03
-8.341236971318721771e-03
-6.176176015287637711e-03
-1.036586239933967590e-02
1.127738803625106812e-01
3.194447457790374756e-01
2.854588627815246582e-01
1.552836894989013672e-01
9.041108936071395874e-02
-2.174175828695297241e-01
-3.639561533927917480e-01
-2.316500097513198853e-01
-2.797367274761199951e-01
-1.740565299987792969e-01
2.908510342240333557e-02
1.570511013269424438e-01
2.214263379573822021e-01
1.198601201176643372e-01
-2.489395812153816223e-02
-1.402805745601654053e-01
-1.411790102720260620e-01
-6.828953325748443604e-02
3.021159209311008453e-03
-4.357654601335525513e-02
-3.615263849496841431e-02
2.352928742766380310e-02
3.916706889867782593e-02
8.349654078483581543e-02
7.008373737335205078e-02
4.106614366173744202e-02
-4.226181283593177795e-02
-6.872276216745376587e-02
-8.202152699232101440e-02
-4.711300879716873169e-02
2.191166207194328308e-02
3.948868811130523682e-02
4.222498461604118347e-02
-7.720980327576398849e-03
-2.272999472916126251e-02
-2.910192869603633881e-02
7.989810779690742493e-03
-1.431042561307549477e-03
-1.973011903464794159e-02
-2.329607680439949036e-02
-2.044763974845409393e-02
-6.711495807394385338e-04
1.566899754106998444e-02
3.088791854679584503e-02
1.033594831824302673e-02
2.316063642501831055e-02
1.259258668869733810e-02
1.706449687480926514e-02
1.733130030333995819e-02
3.562354668974876404e-02
3.646877035498619080e-02
3.583648800849914551e-02
6.339321285486221313e-02
8.357229828834533691e-02
4.738847166299819946e-02
-1.764255948364734650e-02
1.985669368878006935e-03
-4.933014884591102600e-02
-1.219247374683618546e-02
1.963703893125057220e-02
3.889587894082069397e-02
1.052483990788459778e-01
6.448846310377120972e-02
6.870166957378387451e-02
1.916442252695560455e-02
-1.213878486305475235e-02
1.029071491211652756e-02
7.710532750934362411e-03
2.398931188508868217e-03
1.925347186625003815e-02
5.211624875664710999e-02
3.981748223304748535e-02
5.305844917893409729e-02
3.862864151597023010e-02
-5.091028288006782532e-04
-7.764954585582017899e-03
-1.667316630482673645e-02
-2.335352450609207153e-02
-3.407998301554471254e-04
1.664387807250022888e-02
3.682893514633178711e-02
6.347573548555374146e-02
6.215934827923774719e-02
5.000775307416915894e-02
2.773901447653770447e-02
1.683025620877742767e-02
-1.218682620674371719e-02
-1.612389273941516876e-02
-7.471136283129453659e-03
-1.521376520395278931e-02
1.286554522812366486e-02
1.755229011178016663e-02
6.158995442092418671e-03
1.671415753662586212e-02
3.597428556531667709e-03
-2.394244307652115822e-03
-2.063767518848180771e-03
-1.498869527131319046e-02
-1.374555099755525589e-02
-1.066436618566513062e-02
3.359484253451228142e-03
-9.586679749190807343e-03
3.669063095003366470e-03
4.910293966531753540e-03
-9.119680034928023815e-04
1.922853849828243256e-02
3.565862774848937988e-03
2.110574021935462952e-02
8.777599781751632690e-03
1.631369628012180328e-02
1.247368101030588150e-02
9.718509390950202942e-04
2.042275853455066681e-02
-1.053340733051300049e-02
8.668832480907440186e-03
2.382787410169839859e-03
-6.658810889348387718e-04
1.957239210605621338e-02
1.410973817110061646e-02
2.525178529322147369e-02
1.535482890903949738e-02
2.303461730480194092e-02
4.694845993071794510e-03
-3.423880798436584882e-06
1.112613547593355179e-02
-9.878843091428279877e-03
7.463023532181978226e-03
1.356726977974176407e-03
-4.560378845781087875e-03
8.335050195455551147e-03
1.767538837157189846e-03
1.222225837409496307e-03
2.683176659047603607e-03
5.352106876671314240e-03
-1.096617337316274643e-02
-7.597065530717372894e-03
-4.272237420082092285e-03
-1.785500533878803253e-02
8.117170073091983795e-04
-6.281301612034440041e-04
-5.867074243724346161e-03
2.751028398051857948e-03
3.671248210594058037e-03
1.906518242321908474e-03
3.067474579438567162e-03
8.349505253136157990e-03
-6.879682186990976334e-03
-1.348985824733972549e-03
-8.594310929765924811e-05
-1.046174764633178711e-02
1.646237913519144058e-03
8.100059931166470051e-04
3.500757738947868347e-03
2.002679975703358650e-03
3.622204239945858717e-04
-3.300619078800082207e-03
-6.568707525730133057e-03
-2.180537849199026823e-04
-9.895710274577140808e-03
-5.971029866486787796e-03
-2.853013575077056885e-03
-6.594114005565643311e-03
6.547793163917958736e-04
1.919314148835837841e-03
1.419056497979909182e-04
6.954465643502771854e-04
2.126824576407670975e-03
-3.334294771775603294e-03
-3.147403011098504066e-03
-8.220683666877448559e-04
-5.463702604174613953e-03
-1.064419164322316647e-03
7.577912765555083752e-04
-6.243153475224971771e-04
3.968534991145133972e-03
3.271748311817646027e-03
-1.943131646839901805e-04
-1.112648897105827928e-04
4.139247466810047626e-04
-2.086324850097298622e-03
-1.263875397853553295e-03
1.031281892210245132e-03
-1.217725570313632488e-03
3.590008709579706192e-04
9.572171256877481937e-04
-1.521242549642920494e-03
-8.178357384167611599e-04
-1.022497541271150112e-03
-3.088572761043906212e-03
-1.868632971309125423e-03
-6.608935655094683170e-04
-2.340579405426979065e-03
-7.933095912449061871e-05
4.534538020379841328e-04
-1.561679760925471783e-03
4.772213287651538849e-04
6.991732516326010227e-05
-1.682419911958277225e-03
-7.687067263759672642e-04
-6.146390805952250957e-04
-6.520801689475774765e-04
2.856637293007224798e-04
8.211529348045587540e-04
5.624205805361270905e-04
9.068264043889939785e-04
1.011963002383708954e-03
1.650604826863855124e-04
4.333560937084257603e-04
4.478898190427571535e-04
9.119882452068850398e-05
4.201008414383977652e-04
3.156100865453481674e-04
1.226081512868404388e-04
1.631338818697258830e-04
1.582457771291956306e-04
-3.505077620502561331e-05
-4.457091199583373964e-05
6.249680154724046588e-06
-4.981128586223348975e-05
5.901999884372344241e-06
1.213961695611942559e-05
5.141332053426594939e-07
0.000000000000000000e+00
