-0.000000000000000000e+00
-2.074523945339024067e-04
5.149673670530319214e-04
4.499436356127262115e-03
4.741480574011802673e-03
1.038147020153701305e-03
-7.696125656366348267e-03
-2.015794068574905396e-02
-2.068490721285343170e-02
-1.443532016128301620e-02
6.933640222996473312e-03
1.909795589745044708e-02
1.043190900236368179e-02
1.801104843616485596e-02
2.631921507418155670e-02
-8.507968857884407043e-03
-2.406367287039756775e-02
-2.991704829037189484e-02
-3.253800421953201294e-02
2.881175465881824493e-02
5.476059392094612122e-02
3.979856893420219421e-02
2.774931490421295166e-01
1.108158230781555176e+00
9.133034944534301758e-01
-4.027981311082839966e-02
7.983886450529098511e-02
-1.214355945587158203e+00
-1.891597867012023926e+00
-3.968222737312316895e-01
-2.980814576148986816e-01
-1.889730542898178101e-01
7.210782170295715332e-01
1.280212879180908203e+00
4.974042177200317383e-01
-2.134034782648086548e-01
-9.000046551227569580e-02
-7.996090054512023926e-01
-6.205740571022033691e-01
1.697995066642761230e-01
1.422799974679946899e-01
-3.071665167808532715e-01
-1.946951821446418762e-02
3.330971598625183105e-01
8.118268847465515137e-02
2.592099606990814209e-01
2.032338231801986694e-01
-4.044952616095542908e-02
-4.770262166857719421e-02
3.164486587047576904e-02
-1.501944363117218018e-01
-2.058164030313491821e-01
-7.183996587991714478e-02
-1.010029017925262451e-01
9.388237231178209186e-05
5.488420277833938599e-02
4.290546104311943054e-02
8.937504887580871582e-02
1.621669381856918335e-01
9.210856258869171143e-02
-7.840672507882118225e-03
-6.566147506237030029e-02
-5.039253830909729004e-02
2.130693010985851288e-02
7.848648726940155029e-02
7.380220293998718262e-02
3.220376744866371155e-02
2.159716002643108368e-02
2.797157689929008484e-02
9.489011019468307495e-02
7.992629706859588623e-02
5.491654947400093079e-02
4.602354764938354492e-02
-5.812114570289850235e-03
-3.023281879723072052e-02
5.039073526859283447e-03
4.357224330306053162e-02
4.940119013190269470e-02
8.242773264646530151e-02
6.240002065896987915e-02
4.004411399364471436e-03
3.915592655539512634e-02
5.194563046097755432e-02
2.943548560142517090e-02
7.786496728658676147e-02
6.778188049793243408e-02
1.414180151186883450e-04
4.353418014943599701e-03
1.079630572348833084e-03
-6.287568807601928711e-02
-3.478650748729705811e-02
1.187810301780700684e-02
-7.519021746702492237e-04
3.456263616681098938e-02
7.632204145193099976e-02
5.133615806698799133e-02
3.582908213138580322e-02
4.289761930704116821e-02
-1.392838265746831894e-02
-2.908905409276485443e-02
-9.027536027133464813e-03
-2.840715460479259491e-02
-1.159865874797105789e-02
2.596765058115124702e-03
-1.745032146573066711e-02
2.593271061778068542e-02
5.259139463305473328e-02
3.103445842862129211e-02
3.697504103183746338e-02
2.431449107825756073e-02
2.367147430777549744e-02
2.065326832234859467e-02
2.971367724239826202e-02
2.444098703563213348e-03
-2.135597541928291321e-02
6.882214918732643127e-03
-3.815843537449836731e-02
-2.694108337163925171e-02
-1.158090587705373764e-02
-3.085522726178169250e-02
1.502458937466144562e-02
3.895887732505798340e-02
3.159733116626739502e-02
3.519898280501365662e-02
3.734985366463661194e-02
-2.072141505777835846e-02
-1.626405492424964905e-02
-6.502963602542877197e-03
-4.113939031958580017e-02
1.929532550275325775e-02
4.311219975352287292e-02
1.963643729686737061e-02
1.737921312451362610e-02
2.608180418610572815e-02
-2.122401446104049683e-02
-3.440155088901519775e-02
3.432935569435358047e-03
-3.952577710151672363e-02
-1.783672906458377838e-02
1.650908030569553375e-02
9.585992665961384773e-04
7.004285231232643127e-03
1.420893333852291107e-02
-1.304920017719268799e-02
-2.261702343821525574e-02
7.130196783691644669e-03
-2.167311869561672211e-02
-7.619930896908044815e-03
1.925498060882091522e-02
-8.598380722105503082e-03
1.089440938085317612e-02
1.584678888320922852e-02
-5.090862978249788284e-03
-8.454105118289589882e-04
3.565428778529167175e-03
-5.513414740562438965e-03
-1.144410483539104462e-02
1.737458864226937294e-03
-2.008694410324096680e-02
-1.291750650852918625e-02
2.216190099716186523e-02
-2.517650369554758072e-03
1.321186497807502747e-02
2.791855484247207642e-02
5.721972323954105377e-03
7.667839061468839645e-03
9.954244829714298248e-03
-8.922879584133625031e-03
-9.607895277440547943e-03
1.334512513130903244e-02
-1.284402702003717422e-02
-6.064072716981172562e-03
1.554564293473958969e-02
-1.476667262613773346e-02
-5.124178249388933182e-03
5.922010168433189392e-03
-9.291682392358779907e-03
-1.166863585240207613e-04
8.702276274561882019e-03
-5.082054063677787781e-03
3.152350196614861488e-03
1.849449612200260162e-02
-9.639844298362731934e-03
-9.486526250839233398e-03
6.732861977070569992e-03
-1.624813862144947052e-02
-8.109257556498050690e-03
5.300804506987333298e-03
-2.145624719560146332e-02
-2.060413919389247894e-02
7.974087493494153023e-04
-1.106260344386100769e-02
1.586972735822200775e-03
2.238731086254119873e-02
3.459316445514559746e-03
7.165947463363409042e-03
9.977451525628566742e-03
-8.149195462465286255e-03
-1.035898178815841675e-02
-7.347127539105713367e-04
-6.407135631889104843e-03
-7.140936329960823059e-03
1.142775174230337143e-02
-3.459846775513142347e-04
-1.611982152098789811e-04
1.126924064010381699e-02
-5.217428784817457199e-03
-3.860584925860166550e-03
3.537155222147703171e-03
-6.047479808330535889e-03
-5.444479640573263168e-03
8.663689717650413513e-03
-3.068316262215375900e-03
-5.938994232565164566e-03
9.473787620663642883e-03
-7.305554114282131195e-03
-4.143201746046543121e-03
4.548411350697278976e-03
-8.224385790526866913e-03
-4.221432609483599663e-04
1.186300767585635185e-03
-1.248459331691265106e-03
1.655006199143826962e-03
2.824110211804509163e-03
3.147305687889456749e-03
-3.241579746827483177e-03
1.091206911951303482e-03
-1.590548316016793251e-03
-4.988416563719511032e-03
1.284556579776108265e-03
-2.470808569341897964e-03
-5.899175303056836128e-04
1.661260961554944515e-03
-1.804690400604158640e-04
1.771871757227927446e-04
1.453884324291720986e-04
-3.693034814205020666e-04
-1.514651696197688580e-03
2.202025207225233316e-04
4.565305134747177362e-04
2.736614551395177841e-04
1.036466215737164021e-03
5.813564639538526535e-04
-4.288280251785181463e-05
-2.250333636766299605e-05
-3.901009331457316875e-04
-7.899856427684426308e-04
-1.049242291628615931e-05
-1.938073983183130622e-04
-1.236225361935794353e-04
2.013453777180984616e-04
1.389439876220421866e-05
6.269359437283128500e-05
3.895024929079227149e-05
4.085392902197781950e-06
0.000000000000000000e+00
