-0.000000000000000000e+00
-7.032684516161680222e-05
-1.009034313028678298e-04
-1.414977945387363434e-03
-1.168006798252463341e-03
4.849466960877180099e-03
-9.117227047681808472e-03
5.335265304893255234e-03
1.001834496855735779e-02
-1.836134120821952820e-02
1.972623541951179504e-02
-6.194255780428647995e-03
-2.554513514041900635e-03
1.193097606301307678e-02
-1.713848672807216644e-02
1.085233874619007111e-02
-9.644858539104461670e-03
5.653786472976207733e-03
-1.972720725461840630e-03
1.292124157771468163e-03
1.943650841712951660e-02
-2.952716080471873283e-03
2.087837755680084229e-01
8.909529447555541992e-01
1.022828698158264160e+00
2.622384130954742432e-01
1.169244498014450073e-01
-1.019769072532653809e+00
-1.805947303771972656e+00
-5.272172689437866211e-01
-6.839767098426818848e-01
-2.996120154857635498e-01
8.371754288673400879e-01
9.533383846282958984e-01
8.514595627784729004e-01
2.103717029094696045e-01
-2.221529632806777954e-01
-8.542961478233337402e-01
-5.600742101669311523e-01
-3.751070797443389893e-02
-1.168478727340698242e-01
-4.818989709019660950e-02
-1.819168031215667725e-02
2.531503438949584961e-01
1.438074558973312378e-01
3.869328498840332031e-01
2.667915523052215576e-01
-2.447952330112457275e-02
-5.857280269265174866e-02
-2.434043288230895996e-01
-2.817546725273132324e-01
-2.384359836578369141e-01
3.223095089197158813e-02
3.925048280507326126e-03
1.070803776383399963e-01
6.288491934537887573e-02
-4.549977020360529423e-04
1.386843770742416382e-01
1.795287877321243286e-01
8.606947958469390869e-02
-6.632187217473983765e-02
-8.481552451848983765e-02
-1.050613224506378174e-01
3.626214340329170227e-02
8.916295319795608521e-02
9.689351171255111694e-02
3.580608963966369629e-02
4.292465746402740479e-02
4.447406902909278870e-02
4.163674637675285339e-02
9.520242363214492798e-02
5.732490494847297668e-02
5.418642982840538025e-02
2.720599062740802765e-03
-2.722175326198339462e-03
-1.498690061271190643e-02
4.682997614145278931e-02
6.507150083780288696e-02
4.113416746258735657e-02
4.647259414196014404e-02
8.152255788445472717e-03
3.304251655936241150e-02
7.503078877925872803e-02
8.808808028697967529e-02
7.338144630193710327e-02
7.341351360082626343e-02
7.120732683688402176e-03
-5.279193073511123657e-02
-2.905818261206150055e-02
-5.686442553997039795e-02
-5.106110870838165283e-02
1.760292053222656250e-02
2.207249961793422699e-02
3.747797384858131409e-02
6.943110376596450806e-02
7.509504258632659912e-02
4.665057361125946045e-02
4.847023263573646545e-02
2.810932323336601257e-02
-3.968844935297966003e-02
-4.875278100371360779e-02
-6.522445380687713623e-02
-5.851870775222778320e-02
-2.298362739384174347e-02
3.241669014096260071e-02
2.741346322000026703e-02
5.160899087786674500e-02
6.441398710012435913e-02
1.663763634860515594e-02
8.219255506992340088e-02
4.803822934627532959e-02
1.098124682903289795e-02
1.314480230212211609e-02
-2.879676409065723419e-02
-3.327692672610282898e-02
-3.381740674376487732e-02
-1.512972079217433929e-02
-4.052220284938812256e-02
-2.440410200506448746e-03
2.518106438219547272e-02
1.167164742946624756e-02
4.857838526368141174e-02
1.620728708803653717e-02
4.259335808455944061e-03
3.803910687565803528e-03
-1.735964231193065643e-02
-1.532321237027645111e-02
1.588766835629940033e-02
2.171930298209190369e-02
1.768796332180500031e-02
3.765799477696418762e-02
4.794020205736160278e-03
-8.720097132027149200e-03
8.750622160732746124e-03
-5.525094922631978989e-03
-4.052982106804847717e-02
-8.471639826893806458e-03
-1.980433054268360138e-02
-3.310196474194526672e-02
1.997895538806915283e-02
1.609132857993245125e-03
5.873280111700296402e-03
2.259004861116409302e-02
6.542910356074571609e-03
-1.493248809128999710e-02
6.217297166585922241e-03
-1.273318193852901459e-02
-3.431890159845352173e-02
1.018263492733240128e-02
-1.074957381933927536e-02
-6.050606258213520050e-03
2.909571677446365356e-02
1.005769707262516022e-02
-1.046683406457304955e-03
1.779735274612903595e-02
-5.349727347493171692e-03
-2.947912365198135376e-02
-1.804280444048345089e-03
-1.063789427280426025e-02
-2.157731540501117706e-02
2.532005868852138519e-02
9.723689407110214233e-03
-1.861794502474367619e-03
3.370734304189682007e-02
7.547085639089345932e-03
9.949848055839538574e-03
2.229500189423561096e-02
-1.018304727040231228e-03
-9.451501071453094482e-03
6.946010980755090714e-03
-9.509446099400520325e-03
-2.369035966694355011e-02
5.141008179634809494e-03
-1.104807760566473007e-02
-7.729086559265851974e-03
1.347543299198150635e-02
-1.597291091457009315e-03
-3.973957616835832596e-03
7.009183522313833237e-03
-1.976577797904610634e-03
-1.027368661016225815e-02
9.839657694101333618e-03
7.225617882795631886e-04
-1.047319825738668442e-02
2.986597595736384392e-03
-8.137083612382411957e-03
-1.222935132682323456e-02
-1.139028463512659073e-03
-7.239749189466238022e-03
-2.010194025933742523e-02
-6.852941587567329407e-04
-1.764497836120426655e-03
-1.121995504945516586e-02
2.289252541959285736e-02
4.135820083320140839e-03
2.825545379891991615e-03
1.963727734982967377e-02
-1.079744286835193634e-02
-5.649734288454055786e-03
-2.527892589569091797e-03
-7.653639651834964752e-03
-4.825927317142486572e-03
5.158116575330495834e-03
4.260260146111249924e-03
-4.380512516945600510e-03
1.273839548230171204e-02
-2.367911161854863167e-03
-5.209698341786861420e-03
6.061321590095758438e-03
-9.084990248084068298e-03
-5.943499039858579636e-03
1.226517604663968086e-03
-1.067324992618523538e-04
-4.266873933374881744e-03
7.152264472097158432e-03
2.599918749183416367e-03
-7.087325677275657654e-03
7.479936815798282623e-03
-6.772901397198438644e-03
-6.317097228020429611e-03
4.965752363204956055e-03
-5.121177062392234802e-03
1.201879815198481083e-03
3.292936831712722778e-03
-3.254481707699596882e-04
-9.973050327971577644e-04
-7.599306991323828697e-04
-9.914641268551349640e-04
-3.380967536941170692e-03
1.024058787152171135e-03
-1.333435997366905212e-03
-1.002475968562066555e-03
2.594901481643319130e-03
-8.949891780503094196e-04
5.994285456836223602e-04
7.070003193803131580e-04
-8.382280357182025909e-04
-5.129658384248614311e-04
-3.480305895209312439e-04
-2.775778702925890684e-04
-1.290420768782496452e-04
1.020710798911750317e-03
3.967006341554224491e-04
2.801334776449948549e-04
3.688379074446856976e-04
-3.711587341967970133e-04
-4.286265466362237930e-04
-2.867314615286886692e-04
-2.174004039261490107e-04
-1.260560529772192240e-04
9.465008770348504186e-05
4.273623198969289660e-05
2.986240542668383569e-05
4.398643068270757794e-05
5.296742983773583546e-06
0.000000000000000000e+00
