0.000000000000000000e+00
5.075725130154751241e-05
3.806884342338889837e-04
1.024633296765387058e-03
-9.987950033973902464e-05
-1.548472209833562374e-03
-2.180364826926961541e-04
-2.171353669837117195e-03
-1.653838669881224632e-03
6.988590466789901257e-04
-1.659012486925348639e-04
1.769069815054535866e-03
-7.551432354375720024e-04
1.713034696877002716e-03
2.834801562130451202e-03
-9.655307512730360031e-04
6.275816354900598526e-03
-1.928798388689756393e-03
-1.346007455140352249e-03
1.024230034090578556e-03
-5.260166246443986893e-03
4.439632873982191086e-03
-2.862539142370223999e-03
1.676040003076195717e-03
2.099802484735846519e-03
4.064946551807224751e-04
1.689080498181283474e-03
-7.023255806416273117e-03
1.168405637145042419e-03
-7.453945465385913849e-03
-7.929456769488751888e-04
3.130393102765083313e-03
-1.230871211737394333e-02
4.484706744551658630e-02
2.652166783809661865e-01
3.434555530548095703e-01
1.642483174800872803e-01
1.463779211044311523e-01
-6.707155704498291016e-02
-4.082120358943939209e-01
-3.078303933143615723e-01
-2.166508287191390991e-01
-2.236174196004867554e-01
-4.326242581009864807e-02
1.959503740072250366e-01
2.196252495050430298e-01
7.920502871274948120e-02
1.386772934347391129e-02
-9.072209149599075317e-02
-1.669426709413528442e-01
-7.985295355319976807e-02
1.605110242962837219e-02
-4.231705516576766968e-02
-7.504647225141525269e-02
-7.453216705471277237e-03
2.606933377683162689e-02
6.963424384593963623e-02
8.464565128087997437e-02
5.948871746659278870e-02
7.878013886511325836e-03
-2.723198756575584412e-02
-3.489061817526817322e-02
-2.646941691637039185e-02
-8.722970262169837952e-03
-7.320234552025794983e-03
-1.218251418322324753e-02
-2.333486452698707581e-02
-3.241983056068420410e-02
-1.445791311562061310e-02
1.811064034700393677e-02
-1.076513319276273251e-03
-1.160908769816160202e-02
-1.831387914717197418e-02
-2.042636089026927948e-02
-3.266809973865747452e-03
1.773423328995704651e-02
2.307206578552722931e-02
6.678319070488214493e-03
1.871364377439022064e-02
1.036627590656280518e-02
1.673902943730354309e-02
3.011823259294033051e-02
3.078499808907508850e-02
2.981410920619964600e-02
1.897633261978626251e-02
3.307814896106719971e-02
7.081165164709091187e-02
7.403314113616943359e-02
1.092521380633115768e-02
2.800009911879897118e-03
-9.308795444667339325e-03
-4.169370979070663452e-02
1.191612612456083298e-02
4.608384147286415100e-02
7.201724499464035034e-02
7.283033430576324463e-02
5.342935025691986084e-02
3.633363544940948486e-02
1.405438815709203482e-04
1.650162413716316223e-02
1.934627443552017212e-02
7.917648181319236755e-03
1.456675585359334946e-03
1.833117194473743439e-02
4.715724289417266846e-02
6.247869879007339478e-02
5.912458524107933044e-02
2.947290614247322083e-02
1.903560594655573368e-03
-2.834995277225971222e-02
-2.428182587027549744e-02
-2.065081521868705750e-02
2.255379920825362206e-03
1.807033270597457886e-02
3.703171014785766602e-02
6.183966621756553650e-02
5.172244086861610413e-02
5.391010642051696777e-02
2.994772419333457947e-02
1.766065880656242371e-02
1.736299507319927216e-02
4.386130254715681076e-03
-2.143435558537021279e-04
-1.631065038964152336e-03
-5.698415916413068771e-03
-3.682251786813139915e-03
-1.073598978109657764e-03
-4.755921196192502975e-03
-1.608771830797195435e-02
-1.872197352349758148e-02
-3.946573939174413681e-03
-7.020697375992313027e-05
8.946125395596027374e-03
5.509974900633096695e-03
4.250724799931049347e-03
1.005092449486255646e-02
6.582037080079317093e-03
9.446168318390846252e-03
9.394228982273489237e-05
-4.175256006419658661e-03
1.417170278728008270e-03
4.485138691961765289e-03
8.417448960244655609e-03
3.917990718036890030e-03
1.483729016035795212e-02
1.017051935195922852e-02
5.400616209954023361e-03
1.426408160477876663e-02
-1.862179604358971119e-03
6.815302185714244843e-03
9.329042397439479828e-03
1.209501083940267563e-02
1.760401390492916107e-02
2.027462236583232880e-02
1.851167157292366028e-02
9.034055285155773163e-03
2.096884883940219879e-02
5.019690375775098801e-03
3.212010022252798080e-03
3.591854358091950417e-03
-2.859881846234202385e-03
8.181938901543617249e-04
-5.812349263578653336e-03
-1.877075643278658390e-03
-1.986596034839749336e-03
2.394786337390542030e-03
1.550277345813810825e-03
-2.567445393651723862e-03
-8.489887113682925701e-04
-3.977824002504348755e-03
-3.843414131551980972e-03
-5.226570647209882736e-03
-8.426715619862079620e-03
-4.071614239364862442e-03
-1.517225318821147084e-04
3.601724281907081604e-03
5.100344773381948471e-03
5.168841220438480377e-03
2.497583162039518356e-03
-1.594424131326377392e-03
9.427211625734344125e-05
-7.843683473765850067e-03
-7.069470826536417007e-03
-2.166520105674862862e-03
-4.402186314109712839e-04
7.569143781438469887e-04
2.018522238358855247e-03
4.920916166156530380e-03
-1.172476797364652157e-03
1.740568550303578377e-03
-3.189097624272108078e-03
-8.475756272673606873e-03
-4.504191223531961441e-03
-8.058154024183750153e-03
-5.440560169517993927e-03
-2.173231448978185654e-03
-4.668932233471423388e-04
8.492717752233147621e-04
2.875535516068339348e-03
2.173470100387930870e-03
-3.419173182919621468e-03
-2.396576805040240288e-03
-4.080334212630987167e-03
-5.106035154312849045e-03
-2.601902815513312817e-04
1.062302035279572010e-03
2.249640645459294319e-03
3.695845603942871094e-03
2.209759084507822990e-03
-7.126889249775558710e-05
1.146767870523035526e-03
4.568548174574971199e-04
-1.669213874265551567e-03
1.014692898024804890e-04
1.764493499649688601e-04
-1.242352416738867760e-03
-4.644003056455403566e-04
-1.278609619475901127e-03
-3.181165782734751701e-03
-1.081814407370984554e-03
-1.071684178896248341e-03
-2.215007320046424866e-03
-4.057190672028809786e-04
-8.844342082738876343e-04
-5.983533919788897038e-04
8.944104192778468132e-04
-2.422710240352898836e-04
1.792499533621594310e-04
1.810031681088730693e-04
-1.795309130102396011e-03
-1.710981014184653759e-03
-1.392120961099863052e-03
-9.890635265037417412e-04
-7.573210750706493855e-04
-7.509405986638739705e-05
8.154826937243342400e-04
7.832391420379281044e-04
1.041459618136286736e-03
7.119321962818503380e-04
6.195972091518342495e-04
5.432948819361627102e-04
4.151248722337186337e-04
3.761408443097025156e-04
1.988676813198253512e-04
2.817430067807435989e-04
1.460730272810906172e-04
1.150646712630987167e-04
-2.626226705615408719e-05
-6.122098420746624470e-05
1.551064269733615220e-05
-2.472607047820929438e-05
2.240956200694199651e-05
1.288552721234736964e-05
4.653671112464508042e-06
2.370976062593399547e-06
0.000000000000000000e+00
