0.000000000000000000e+00
4.619362516677938402e-05
1.720939471852034330e-04
5.631858366541564465e-04
4.246175521984696388e-04
-4.841578775085508823e-04
5.085653392598032951e-04
3.483932523522526026e-04
-2.514987951144576073e-03
-1.749437185935676098e-03
3.707965835928916931e-03
-1.852125024015549570e-05
-1.393187325447797775e-03
3.533895825967192650e-03
-1.222169259563088417e-03
3.413799917325377464e-03
-1.908344682306051254e-03
-3.788457717746496201e-03
4.192684777081012726e-03
-5.394159350544214249e-03
2.641961211338639259e-03
2.683862578123807907e-03
-1.590440981090068817e-03
1.486818888224661350e-03
-1.549673383124172688e-03
2.282797126099467278e-03
-2.571583725512027740e-03
3.269964363425970078e-03
3.912718500941991806e-03
-2.281186636537313461e-03
1.768569112755358219e-03
-2.402695361524820328e-03
-6.771384738385677338e-03
-4.874726757407188416e-03
-3.233164781704545021e-03
-8.039646781980991364e-03
-3.089337144047021866e-03
-1.104246708564460278e-03
7.451381534337997437e-04
3.470229730010032654e-02
1.089769303798675537e-01
1.692543029785156250e-01
1.400531083345413208e-01
1.096408963203430176e-01
4.030399397015571594e-02
-1.009558066725730896e-01
-1.267382055521011353e-01
-1.471389830112457275e-01
-1.756517738103866577e-01
-9.912453591823577881e-02
-1.605650968849658966e-02
7.351679354906082153e-02
1.075270846486091614e-01
7.547964155673980713e-02
3.040712140500545502e-02
-1.224111858755350113e-02
-1.319448277354240417e-02
1.123610045760869980e-02
-3.030988853424787521e-03
-5.173067003488540649e-02
-7.332800328731536865e-02
-1.006493270397186279e-01
-8.942596614360809326e-02
-5.675192549824714661e-02
-2.859172597527503967e-02
-2.837934996932744980e-03
2.520602662116289139e-03
9.707611170597374439e-04
-8.421529084444046021e-03
1.095097744837403297e-03
-7.775064092129468918e-03
-2.571556251496076584e-03
-1.009801123291254044e-02
-3.175710886716842651e-02
-2.747255936264991760e-02
4.406113177537918091e-03
4.438254237174987793e-02
4.856391623616218567e-02
2.911064401268959045e-02
-1.360897254198789597e-02
-3.492943570017814636e-02
-3.806967288255691528e-02
-2.120096795260906219e-02
-2.316513657569885254e-02
-2.867784351110458374e-03
3.810283914208412170e-02
4.437029734253883362e-02
6.657321751117706299e-02
6.495454907417297363e-02
7.315067201852798462e-02
7.045232504606246948e-02
3.742739185690879822e-02
1.615720242261886597e-02
-6.421384867280721664e-03
-7.925615645945072174e-03
1.744933426380157471e-02
2.893307618796825409e-02
3.240320831537246704e-02
4.253092780709266663e-02
3.793970867991447449e-02
3.711791709065437317e-02
3.782063722610473633e-02
3.054401837289333344e-02
1.240487024188041687e-02
1.571635017171502113e-03
-6.363328429870307446e-04
-3.237758297473192215e-03
1.180124655365943909e-02
2.775472961366176605e-02
3.258861601352691650e-02
3.557251393795013428e-02
3.338338062167167664e-02
1.936919614672660828e-02
1.751030981540679932e-02
1.829116046428680420e-02
1.668789237737655640e-02
2.215600758790969849e-02
2.158902585506439209e-02
1.886918954551219940e-02
1.526100747287273407e-02
1.897427625954151154e-02
1.735148578882217407e-02
1.576749421656131744e-02
2.488103695213794708e-02
2.281212434172630310e-02
1.839569769799709320e-02
1.746064983308315277e-02
1.064497604966163635e-02
4.522609990090131760e-03
-1.691918005235493183e-03
-4.018246661871671677e-03
5.423519294708967209e-03
2.415771596133708954e-02
4.207217693328857422e-02
4.560225084424018860e-02
2.919073216617107391e-02
2.987380605190992355e-03
-1.407994329929351807e-02
-3.141003102064132690e-02
-2.606835402548313141e-02
-2.128915861248970032e-02
-2.484669722616672516e-02
-6.868770346045494080e-03
-1.900963601656258106e-03
2.091255784034729004e-02
3.085170872509479523e-02
2.381752803921699524e-02
1.834468543529510498e-02
1.282088574953377247e-03
3.677837317809462547e-03
-4.820023663341999054e-03
-6.728119333274662495e-04
2.140215365216135979e-03
-7.096785120666027069e-04
8.650868199765682220e-03
-8.275074651464819908e-04
7.504756096750497818e-03
1.212957967072725296e-02
8.489119820296764374e-03
1.339273247867822647e-02
2.790972590446472168e-03
-1.141896820627152920e-03
-8.108775946311652660e-04
-7.138342480175197124e-04
3.500607796013355255e-03
1.355762826278805733e-03
4.134038928896188736e-03
6.268443074077367783e-03
5.340815521776676178e-03
7.866546511650085449e-03
4.608586896210908890e-03
3.394924104213714600e-03
1.802795566618442535e-03
6.570392870344221592e-04
1.830937690101563931e-03
-5.736670573242008686e-04
1.566418563015758991e-03
1.573699875734746456e-03
-1.848821295425295830e-03
8.602819434599950910e-05
1.542856218293309212e-03
-2.496046712622046471e-03
2.473333384841680527e-03
3.098677378147840500e-03
-2.097443677484989166e-03
6.903146859258413315e-04
2.465173602104187012e-04
3.748532617464661598e-04
-1.351056271232664585e-04
3.166681563016027212e-04
-3.707446856424212456e-03
-4.070390015840530396e-03
-2.288231626152992249e-03
-6.331093609333038330e-03
-4.271998535841703415e-03
-2.705025719478726387e-03
-1.364210271276533604e-03
-2.102057682350277901e-03
5.451172473840415478e-04
-1.948660938069224358e-04
-3.295193426311016083e-03
5.184257170185446739e-04
-5.557541735470294952e-04
1.608709339052438736e-03
3.102426650002598763e-03
4.472331784199923277e-04
2.525645541027188301e-04
-1.680930145084857941e-03
-2.475077984854578972e-03
-2.043567597866058350e-03
-9.258581558242440224e-04
4.834475403185933828e-04
-1.050400242093019187e-04
-1.515440671937540174e-04
-1.167452865047380328e-04
-7.031165878288447857e-04
-3.883653553202748299e-04
2.011014294112101197e-04
-5.840866942889988422e-04
-8.197684073820710182e-04
-4.259375855326652527e-04
-1.170869451016187668e-03
-1.220140722580254078e-03
-1.253509311936795712e-03
-1.675755018368363380e-03
-1.027670106850564480e-03
-5.050918553024530411e-04
-6.857308326289057732e-04
6.523501942865550518e-04
1.190705341286957264e-03
1.771084644133225083e-04
4.466478421818464994e-04
2.350398717680945992e-04
-5.310393171384930611e-04
-4.587096918839961290e-04
-4.714625829365104437e-04
-4.222346760798245668e-04
-6.812630454078316689e-05
2.578792918939143419e-04
4.096284101251512766e-04
5.989648343529552221e-05
2.834934857673943043e-04
3.927666693925857544e-04
1.160877654911018908e-04
2.595070400275290012e-04
1.054668755386956036e-04
3.825035310001112521e-05
4.124603947275318205e-05
6.979380032134940848e-06
3.589668631320819259e-05
-5.322072411217959598e-06
3.239739271521102637e-06
1.112198788177920505e-06
-5.922411219216883183e-06
-8.451063848724515992e-09
0.000000000000000000e+00
