-0.000000000000000000e+00
-3.484076296444982290e-05
-4.269782803021371365e-04
-9.807974565774202347e-04
-1.631422550417482853e-03
-3.692374099045991898e-03
3.949678794015198946e-04
2.568123629316687584e-03
5.046680569648742676e-03
5.454635713249444962e-03
1.841029501520097256e-03
4.623176064342260361e-03
3.926584962755441666e-03
2.576918341219425201e-03
5.506603978574275970e-03
-2.851729048416018486e-03
-4.746692720800638199e-03
-2.599162608385086060e-02
1.083272024989128113e-01
1.077418446540832520e+00
1.514772891998291016e+00
5.169203281402587891e-01
-3.094466924667358398e-01
-1.526801228523254395e+00
-1.878720045089721680e+00
-9.697730541229248047e-01
-6.410461664199829102e-01
3.215972185134887695e-01
1.175384640693664551e+00
1.076189517974853516e+00
5.092521309852600098e-01
9.046334028244018555e-02
-6.364262104034423828e-01
-9.897337555885314941e-01
-2.042011357843875885e-02
4.733758512884378433e-03
-2.019225656986236572e-01
3.719680383801460266e-02
2.112323790788650513e-01
1.688842475414276123e-01
2.008523941040039062e-01
2.732037603855133057e-01
-1.211577653884887695e-01
-2.327266335487365723e-01
-1.908992826938629150e-01
-1.130316182971000671e-01
-1.664438694715499878e-01
-9.624285623431205750e-03
7.414495944976806641e-02
5.730483308434486389e-02
1.235829964280128479e-01
1.028579697012901306e-01
1.401040107011795044e-01
7.816098630428314209e-02
7.652154564857482910e-02
-6.931522488594055176e-02
-3.217133879661560059e-02
-1.189647056162357330e-02
1.214151829481124878e-02
7.936661690473556519e-02
5.630046874284744263e-02
4.199323058128356934e-02
1.391713740304112434e-03
5.847018957138061523e-02
2.910563908517360687e-02
1.011903584003448486e-01
7.415218651294708252e-02
3.182948008179664612e-02
3.934898227453231812e-02
-2.684146165847778320e-03
1.271056709811091423e-03
3.908046334981918335e-02
6.917392462491989136e-02
4.765233397483825684e-02
9.567398577928543091e-02
6.723058968782424927e-02
3.969503566622734070e-02
5.275187268853187561e-02
2.234096452593803406e-02
-1.362165529280900955e-02
2.889990620315074921e-02
2.304784581065177917e-02
-2.360278554260730743e-02
1.537144649773836136e-02
3.037693095393478870e-04
-1.016385387629270554e-02
3.025321848690509796e-02
6.144846603274345398e-02
4.232692718505859375e-02
5.361850559711456299e-02
3.556170314550399780e-02
-5.946430377662181854e-03
1.665160246193408966e-02
9.111509658396244049e-03
5.643829354085028172e-04
1.931108906865119934e-02
1.534022577106952667e-02
-1.206397428177297115e-03
1.984438300132751465e-02
6.507283542305231094e-03
-1.402733568102121353e-02
2.289513498544692993e-02
2.054173685610294342e-02
-1.168921007774770260e-03
1.827442832291126251e-02
-2.099943230859935284e-04
-2.150103822350502014e-02
-4.422370810061693192e-03
-3.814003663137555122e-03
-7.805489469319581985e-03
1.761226914823055267e-02
3.088711202144622803e-02
-8.757864125072956085e-03
-1.836322131566703320e-03
-1.453637890517711639e-02
-3.342733159661293030e-02
1.586760580539703369e-02
3.430204093456268311e-02
2.021203376352787018e-02
2.276124060153961182e-02
2.350405603647232056e-02
-3.036280348896980286e-02
-2.941547520458698273e-02
-2.280153892934322357e-02
-3.852408006787300110e-02
1.225151401013135910e-02
3.501061722636222839e-02
3.318631276488304138e-02
3.146585822105407715e-02
1.128915976732969284e-02
-2.975507825613021851e-02
-2.657179720699787140e-02
-3.069535829126834869e-02
-4.750189185142517090e-02
5.927295889705419540e-03
1.465485338121652603e-02
1.451146043837070465e-02
4.118977114558219910e-02
3.313062340021133423e-02
5.198058672249317169e-03
9.489131160080432892e-03
3.411598270758986473e-03
-3.798794746398925781e-02
-9.338818490505218506e-03
-3.295511240139603615e-03
-1.994119957089424133e-02
2.651868946850299835e-02
2.162839658558368683e-02
-1.785422675311565399e-02
3.730527358129620552e-03
9.367757593281567097e-04
-3.501738980412483215e-02
-1.274431776255369186e-02
-1.160173490643501282e-02
-4.157460108399391174e-02
-4.525418858975172043e-03
1.951266452670097351e-02
-5.574618931859731674e-03
2.428051270544528961e-02
3.509784117341041565e-02
-1.201984472572803497e-03
1.285103382542729378e-03
1.750507391989231110e-03
-2.217670343816280365e-02
-1.712348684668540955e-02
-1.420596090611070395e-04
-1.938232965767383575e-02
-2.353011164814233780e-03
1.100752037018537521e-02
-9.213578887283802032e-03
7.994184270501136780e-03
2.692283364012837410e-03
-1.253739465028047562e-02
-1.498201047070324421e-03
-6.444812170229852200e-04
-6.136132404208183289e-03
1.077258400619029999e-02
1.685559563338756561e-02
2.698950236663222313e-03
1.238039229065179825e-02
5.574889481067657471e-03
-4.758868832141160965e-03
1.275393733521923423e-04
-4.904082510620355606e-03
-8.230027742683887482e-03
-1.825781725347042084e-02
-1.458590570837259293e-02
-1.553787291049957275e-02
-2.727146958932280540e-03
2.411067485809326172e-02
9.510370902717113495e-03
2.069788612425327301e-02
1.497699134051799774e-02
-1.157745160162448883e-02
7.267078617587685585e-04
-9.341556578874588013e-03
-1.192343235015869141e-02
-1.435185084119439125e-03
1.530390465632081032e-03
-2.191295148804783821e-03
2.945745131000876427e-03
1.223899144679307938e-02
-8.358270861208438873e-03
-3.271397668868303299e-03
-2.626082859933376312e-03
-1.515798643231391907e-02
-4.424279322847723961e-04
1.986345741897821426e-03
1.148409719462506473e-04
7.224117405712604523e-03
1.003297325223684311e-02
-1.191722811199724674e-03
-2.046325709670782089e-03
-4.733186215162277222e-04
-1.187273114919662476e-02
-4.698968492448329926e-03
-1.346587669104337692e-03
-3.978296183049678802e-03
4.112083464860916138e-03
7.841452024877071381e-03
4.053809214383363724e-03
3.847270505502820015e-03
4.740126430988311768e-03
-5.303146783262491226e-03
-5.250627640634775162e-03
-2.269891789183020592e-03
-5.783336237072944641e-03
-5.726059316657483578e-04
8.105642627924680710e-04
-9.914954425767064095e-04
5.700959009118378162e-04
9.301794343627989292e-04
-8.076827507466077805e-04
-1.935769105330109596e-04
7.256858516484498978e-04
-1.086952746845781803e-03
6.132735870778560638e-04
1.877001835964620113e-03
6.826268509030342102e-04
3.558820171747356653e-04
6.547016528202220798e-05
-1.524360734038054943e-03
-1.792831812053918839e-03
-6.084390333853662014e-04
-1.085314084775745869e-03
-1.670651254244148731e-04
5.877363146282732487e-04
1.417223975295200944e-04
5.016641225665807724e-04
3.438292769715189934e-04
1.238405238837003708e-04
9.741558460518717766e-05
2.651117574714589864e-05
-9.716795830172486603e-06
-3.757787453650962561e-06
0.000000000000000000e+00
