0.000000000000000000e+00
3.424562964937649667e-05
2.159622672479599714e-04
7.363557815551757812e-04
-3.414257371332496405e-04
-2.099367789924144745e-03
1.646856078878045082e-03
-3.452675009611994028e-04
-4.571934696286916733e-03
5.826191511005163193e-03
3.138331230729818344e-03
-2.755068475380539894e-03
6.834031082689762115e-04
-1.681138761341571808e-03
1.030666986480355263e-03
6.661885417997837067e-04
-2.222194103524088860e-03
2.340383594855666161e-03
5.842651706188917160e-03
-3.427712363190948963e-04
7.112394087016582489e-05
3.787617606576532125e-04
-6.416805088520050049e-03
9.853783994913101196e-04
-1.397423213347792625e-03
6.673703901469707489e-04
7.912113796919584274e-04
-3.229903522878885269e-03
1.559540280140936375e-03
-7.669121492654085159e-03
1.991175115108489990e-03
1.198149286210536957e-03
-4.178235307335853577e-03
6.393399555236101151e-03
-2.571802353486418724e-03
-1.155049190856516361e-03
2.214353531599044800e-03
-1.586754224263131618e-03
1.887028571218252182e-03
1.433311961591243744e-03
-3.121240530163049698e-03
-3.399441717192530632e-03
1.405757502652704716e-03
-1.254166709259152412e-03
-1.662800495978444815e-04
1.275767013430595398e-02
4.152917861938476562e-02
1.035659089684486389e-01
1.670283675193786621e-01
1.827822029590606689e-01
1.461427360773086548e-01
7.476305961608886719e-02
-2.965407259762287140e-02
-1.128737628459930420e-01
-1.262778937816619873e-01
-1.243559345602989197e-01
-1.501254886388778687e-01
-1.510536074638366699e-01
-8.834424614906311035e-02
-2.536528185009956360e-02
5.215326324105262756e-02
9.076552093029022217e-02
3.075814805924892426e-02
-2.689566463232040405e-02
-6.545943766832351685e-02
-9.163489937782287598e-02
-1.032559275627136230e-01
-8.263064920902252197e-02
-5.874126777052879333e-02
-3.735089302062988281e-02
8.217886090278625488e-03
3.617357835173606873e-02
4.931614920496940613e-02
5.251702666282653809e-02
3.806215897202491760e-02
2.630756003782153130e-03
-2.138987556099891663e-02
-3.409969434142112732e-02
-4.099725559353828430e-02
-2.709565870463848114e-02
-7.742456626147031784e-03
4.046717658638954163e-03
2.623466216027736664e-02
4.011673480272293091e-02
4.272393137216567993e-02
5.313046276569366455e-02
2.836572006344795227e-02
1.148706302046775818e-02
5.306155420839786530e-03
6.218147464096546173e-03
1.545398589223623276e-02
2.526189200580120087e-02
3.260957822203636169e-02
2.286973595619201660e-02
3.259596228599548340e-02
2.831924892961978912e-02
2.818574197590351105e-02
3.421137854456901550e-02
2.760825306177139282e-02
2.505678310990333557e-02
1.677188649773597717e-02
1.931969262659549713e-02
2.545270696282386780e-02
2.212408185005187988e-02
2.893055230379104614e-02
2.635686099529266357e-02
1.333851553499698639e-02
2.169478684663772583e-02
2.277236990630626678e-02
2.536040358245372772e-02
3.169706463813781738e-02
2.672224678099155426e-02
2.016388997435569763e-02
2.023656666278839111e-02
1.627097092568874359e-02
9.327479638159275055e-03
1.753837615251541138e-02
1.764835976064205170e-02
2.042771689593791962e-02
2.811417542397975922e-02
2.780156768858432770e-02
2.760982140898704529e-02
2.373707294464111328e-02
2.118704654276371002e-02
1.628137752413749695e-02
6.737669464200735092e-03
7.954322732985019684e-03
3.777739359065890312e-03
7.167814299464225769e-03
1.256949547678232193e-02
5.297001451253890991e-03
1.458780653774738312e-02
1.186821889132261276e-02
1.136987842619419098e-02
1.555690076202154160e-02
1.668616198003292084e-02
1.543141622096300125e-02
1.267540082335472107e-02
1.721712760627269745e-02
4.792501218616962433e-03
7.576133590191602707e-03
6.337250117212533951e-03
6.410862319171428680e-03
1.254391018301248550e-02
1.111396867781877518e-02
1.302176993340253830e-02
4.838630557060241699e-03
8.235192857682704926e-03
5.741929635405540466e-03
7.028257008641958237e-03
4.451852757483720779e-03
-7.720120251178741455e-03
-1.483243890106678009e-02
-1.651040092110633850e-02
-1.007835008203983307e-02
-8.597484789788722992e-03
4.252019338309764862e-03
9.755929931998252869e-03
8.618706837296485901e-03
9.815804660320281982e-03
7.452918682247400284e-03
-2.771588624455034733e-04
-5.336354952305555344e-03
1.092278282158076763e-03
-2.090590074658393860e-03
-5.705416668206453323e-03
3.596729831770062447e-03
3.072896040976047516e-03
1.582744996994733810e-03
1.089947950094938278e-02
3.327949671074748039e-03
4.313056822866201401e-03
3.602985525503754616e-03
-2.091926056891679764e-03
4.212070489302277565e-04
-4.537446890026330948e-03
4.787650424987077713e-03
3.982773050665855408e-03
2.856138395145535469e-03
1.193832978606224060e-02
5.302968434989452362e-03
1.069487421773374081e-03
4.055607132613658905e-03
-5.605209735222160816e-04
-4.015241749584674835e-03
-1.246083294972777367e-03
-5.322883836925029755e-03
-3.598277689889073372e-03
2.611517673358321190e-03
1.598832313902676105e-03
2.475218148902058601e-03
5.274392664432525635e-03
1.725520822219550610e-03
-1.081212889403104782e-03
-6.229205755516886711e-04
-2.476971130818128586e-03
-2.708587562665343285e-03
-2.644608961418271065e-03
-6.007103947922587395e-04
-2.761519979685544968e-03
-2.125491388142108917e-03
1.126565271988511086e-03
-8.810767321847379208e-04
2.818823792040348053e-03
7.427228847518563271e-04
-1.568292849697172642e-03
-9.040965232998132706e-04
-1.813346636481583118e-03
-9.635437163524329662e-04
-2.869402524083852768e-03
-7.373795961029827595e-04
-9.215114987455308437e-04
-4.146331339143216610e-04
9.136358858086168766e-04
-8.122051949612796307e-04
-1.205412088893353939e-03
-2.608643379062414169e-03
-8.775654714554548264e-04
-1.256226329132914543e-03
-9.787224698811769485e-04
-3.077095607295632362e-04
-1.144959358498454094e-03
6.169459811644628644e-05
-5.952992360107600689e-04
9.331084584118798375e-06
2.840178203769028187e-04
-1.810771063901484013e-04
-3.881522570736706257e-04
2.153886016458272934e-04
6.521862233057618141e-04
-1.782952604116871953e-04
6.935825804248452187e-04
6.235908949747681618e-04
5.240645987214520574e-05
3.663358511403203011e-04
1.762524043442681432e-04
-1.897891706903465092e-05
-3.339261820656247437e-05
3.124567156191915274e-04
2.231793187092989683e-04
-2.754618762992322445e-04
7.479205669369548559e-05
2.115114284606534056e-06
-3.650289727374911308e-05
1.892117288662120700e-04
-1.354755681859387551e-06
1.166037618531845510e-04
3.544219362083822489e-05
3.286916398792527616e-05
4.952817835146561265e-05
-3.084744093939661980e-05
1.153329958469839767e-05
-7.642433047294616699e-06
-8.488672392559237778e-06
-2.980053182000119705e-07
-0.000000000000000000e+00
