0.000000000000000000e+00
-2.177729475079104304e-04
-2.204623771831393242e-03
-3.040687879547476768e-03
1.739619183354079723e-03
1.221761922352015972e-03
1.079355739057064056e-02
1.091682817786931992e-02
-8.041918277740478516e-03
-3.595511661842465401e-04
-1.566416956484317780e-02
-7.406313903629779816e-03
-1.350566092878580093e-02
8.305266499519348145e-03
2.327407896518707275e-02
1.073259976692497730e-03
4.408796876668930054e-02
8.690404891967773438e-01
1.859172463417053223e+00
5.370355844497680664e-01
-6.564224362373352051e-01
-1.175745844841003418e+00
-2.116517066955566406e+00
-1.140223264694213867e+00
-9.412271529436111450e-02
1.257335186004638672e+00
1.276754021644592285e+00
2.433865517377853394e-01
2.222124040126800537e-01
-1.013872742652893066e+00
-8.828506469726562500e-01
-5.786789953708648682e-02
3.959479033946990967e-01
8.506952226161956787e-02
-9.707105904817581177e-02
1.546595990657806396e-01
-2.243419140577316284e-01
2.278023362159729004e-01
1.159774288535118103e-01
3.639172762632369995e-02
-3.186056017875671387e-01
-2.558539807796478271e-01
-8.857002109289169312e-02
-4.710659384727478027e-02
2.857708036899566650e-01
3.135952726006507874e-02
7.554746419191360474e-02
-1.424050778150558472e-01
6.558369100093841553e-02
7.081059366464614868e-02
1.583457142114639282e-01
1.566238105297088623e-01
-7.768182456493377686e-02
-4.294058680534362793e-02
-7.552996277809143066e-02
8.449400961399078369e-02
4.480099678039550781e-02
1.652156561613082886e-01
4.198042303323745728e-02
2.587744221091270447e-02
4.855789989233016968e-02
7.652820646762847900e-02
9.755754470825195312e-02
5.101890861988067627e-02
3.808062523603439331e-02
-7.095605134963989258e-02
5.349767394363880157e-03
-1.342599652707576752e-02
5.453313887119293213e-02
5.663489550352096558e-02
7.361780852079391479e-02
5.603291466832160950e-02
4.293373972177505493e-02
5.809758603572845459e-02
2.163274772465229034e-02
4.998394846916198730e-02
2.118236944079399109e-02
3.977597132325172424e-02
2.434825897216796875e-02
3.741374984383583069e-02
3.225880488753318787e-02
2.418455295264720917e-02
2.321910299360752106e-02
2.091661654412746429e-02
3.530814126133918762e-02
3.750069066882133484e-02
4.167560487985610962e-02
3.084644488990306854e-02
2.228760905563831329e-02
1.093962602317333221e-02
1.600435934960842133e-02
1.387471333146095276e-02
1.996718533337116241e-02
2.241630665957927704e-02
1.782969757914543152e-02
-1.905457931570708752e-03
-7.958340574987232685e-04
-6.045456510037183762e-03
-6.139282137155532837e-03
1.122911926358938217e-02
1.029057614505290985e-02
1.887849904596805573e-02
1.592320390045642853e-02
-5.193011369556188583e-03
-1.511585060507059097e-02
1.002186676487326622e-03
-1.605049334466457367e-02
-9.772699326276779175e-03
-7.694769650697708130e-03
-7.437712512910366058e-03
-1.138560380786657333e-02
-1.918669044971466064e-02
1.516499440185725689e-03
1.745492219924926758e-03
3.048058785498142242e-02
2.380959130823612213e-02
1.810471713542938232e-02
1.285016443580389023e-02
8.869179524481296539e-03
-2.014369703829288483e-02
-3.821250796318054199e-02
-2.731824526563286781e-03
-2.172140590846538544e-02
1.246387511491775513e-02
2.355949021875858307e-02
2.579698897898197174e-02
4.838757216930389404e-03
-2.555978670716285706e-02
-1.151657383888959885e-02
-3.684101626276969910e-02
-3.326546633616089821e-03
2.471661660820245743e-03
2.135129459202289581e-02
2.221618965268135071e-02
1.664942875504493713e-02
2.968182973563671112e-02
-1.019525062292814255e-02
-3.309410065412521362e-03
-2.334536053240299225e-02
-2.363100647926330566e-02
-2.790525555610656738e-02
-1.162404473870992661e-02
2.416703151538968086e-03
-6.916881538927555084e-03
3.273795172572135925e-02
1.194686349481344223e-02
1.110599143430590630e-03
-1.144715002737939358e-03
-7.278553675860166550e-03
-1.771283149719238281e-02
-1.706359349191188812e-02
-1.958393957465887070e-03
-9.796323254704475403e-03
5.984283518046140671e-03
1.580814458429813385e-02
1.554338261485099792e-02
1.783012598752975464e-02
1.480363775044679642e-02
-7.220157887786626816e-03
-1.011613942682743073e-02
-1.276082452386617661e-02
-2.082953974604606628e-02
-8.855531923472881317e-03
-3.171489806845784187e-03
2.445475838612765074e-04
3.213205840438604355e-03
2.293156227096915245e-03
-6.828553974628448486e-03
2.265782561153173447e-03
-6.663084961473941803e-03
-1.378480810672044754e-02
-2.626909408718347549e-03
-8.343133144080638885e-03
-2.104202052578330040e-03
5.862705875188112259e-03
9.101151488721370697e-03
8.824812248349189758e-03
1.058219745755195618e-02
-1.109546609222888947e-02
-1.281315553933382034e-02
7.885346189141273499e-03
-1.893635280430316925e-02
-7.886338047683238983e-03
-2.150237560272216797e-03
-2.215015143156051636e-02
-5.143637768924236298e-03
3.998890519142150879e-03
2.221750840544700623e-02
2.568583190441131592e-02
2.863366343080997467e-02
1.089148223400115967e-02
-1.923173293471336365e-02
-3.254021750763058662e-03
-1.849673688411712646e-02
-1.195683144032955170e-02
5.533364135771989822e-03
-2.352817915380001068e-03
4.971190821379423141e-03
1.401673885993659496e-03
7.317272946238517761e-03
-1.229466870427131653e-03
-5.289257504045963287e-03
-8.268536999821662903e-03
-1.724772527813911438e-02
-4.033971112221479416e-03
-3.949512261897325516e-03
5.806061439216136932e-03
1.119257323443889618e-02
8.869182318449020386e-03
2.485122997313737869e-03
-1.530806417576968670e-03
1.802320010028779507e-03
-1.242910604923963547e-02
-2.888270420953631401e-03
-5.299873184412717819e-03
-7.839122787117958069e-03
8.008584380149841309e-03
2.584330213721841574e-04
7.487337570637464523e-03
8.174654096364974976e-03
7.227954338304698467e-04
5.153030506335198879e-04
-3.390923142433166504e-03
-1.361477305181324482e-03
-4.234711639583110809e-03
-3.766647205338813365e-05
7.019652912276796997e-06
-3.120069159194827080e-03
-4.493090455071069300e-05
-3.516959957778453827e-03
-1.478761550970375538e-03
7.829011883586645126e-04
-2.329134731553494930e-04
-2.857903018593788147e-04
1.364234718494117260e-03
1.840900629758834839e-03
1.040497561916708946e-03
1.703149755485355854e-03
-5.871570319868624210e-04
-1.025922130793333054e-03
-1.715419115498661995e-03
-2.000500913709402084e-03
-7.505388930439949036e-04
-3.958712040912359953e-04
4.082228115294128656e-04
1.674785744398832321e-04
4.496892797760665417e-04
4.786638019140809774e-04
2.318199694855138659e-04
2.742408541962504387e-04
5.232224430073983967e-05
2.849979136954061687e-05
2.836296971509000286e-06
-3.661314167402451858e-06
7.222350859592552297e-07
0.000000000000000000e+00
